structure(c(0, 0, 0, 0, 0.000604907719276456, 0, 0, 0, 0, 0, 
0, 0, 0.00233320027582242, 0, 0.301751434213448, 0, 0.0656709123207169, 
0, 0, 0, 0.006032764284666, 0, 0, 0, 0, 0, 0, 0, 0.58865332801695, 
0, 0, 0, 0, 0, 0.00240545896178254, 0, 0, 0, 0.000969497090279963, 
0, 0, 0, 0, 0, 0, 0, 0.000170138459037366, 0, 0, 0, 0, 0, 0, 
0, 0, 0, 0, 0, 0.400744381239341, 0, 0.04690600273429, 0, 0, 
0, 0.00664170089022231, 0, 0, 0, 0, 0, 0, 0, 0, 0, 0, 0, 0, 0, 
0, 0.0284413659719249, 0, 0.137328173180814, 0, 0.210441734059532, 
0, 0, 0, 0.000307588815929633, 0, 0, 0, 0, 0, 0, 0, 0.529425599224006, 
0, 0, 0, 0, 0, 0.0718229594611797, 0, 0, 0, 0.00866552560385306, 
0, 0, 0, 0, 0, 0, 0, 0.00167987939722663, 0, 0, 0, 0, 0, 0, 0, 
0, 0, 0, 0, 0.341942734563466, 0, 0.128443164327774, 0, 0, 0, 
0.00625788588902825, 0, 0, 0, 0.423114875946982, 0, 0, 0.00584317870147005, 
0, 0, 0, 0, 0, 0, 0, 0, 0, 0, 0, 0.74074986244386, 0.0238111141810649, 
0, 0, 0, 0, 0.0113904185507212, 0, 0.00373150331831177, 0, 0, 
0, 0.0019123753496109, 0.00262625645731394, 0.0676807640230988, 
0, 0, 0, 0, 0, 0, 0, 0.0165923675016123, 0, 0, 0, 0.628402633923921, 
0.0672922534062899, 0, 0, 0.279555422762885, 0.0324887910156641, 
0.596378617621284, 0.0120196318650509, 0, 0, 0.217517813914685, 
0.0573950167855314, 0, 0, 0, 0, 0, 0, 0, 0, 0, 0, 0, 0, 0.423114875946982, 
0, 0, 0, 0, 0, 0, 0, 0, 0, 0, 0, 0, 0, 0, 0, 0.00559971682635104, 
0.222212896927054, 0, 0, 0, 0.00674444676261755, 0, 0, 0, 0.0220075292918305, 
0, 0, 0, 0.0481794359356607, 0, 0, 0, 0, 0, 0, 0, 0, 0, 0.00167308676143137, 
0, 0, 0.0337617935321787, 0.517825750299048, 0, 0, 0.00376990577733161, 
0.101275169091477, 0.242029739479717, 0.429111797635191, 0, 0, 
0.0100174618051574, 0.220831417717231, 0, 0, 0, 0, 0, 0, 0, 0, 
0, 0, 0.000604907719276456, 0, 0, 0, 0, 0, 0, 0, 0, 0, 0, 0, 
0.000247467901813848, 0, 0.146657122777929, 0, 0.0380038355280947, 
0, 0, 0, 0.000237736525095514, 0, 0, 0, 0, 0, 0, 0, 0.0124896709607153, 
0, 0.000191113284126712, 0, 0, 0, 0.28552756856503, 0, 0, 0, 
0.000517783111265429, 0, 0, 0, 0.0030974351418196, 0, 0.0099378294903532, 
0, 0.217042403587086, 0, 0, 0, 0, 0, 0.112687896953355, 0, 0.15811849501484, 
0.00159211965234067, 0.00742563404043678, 0, 0, 0, 0.000435731019488262, 
0, 0, 0, 0, 0, 0, 0, 0, 0, 0, 0, 0, 0, 0, 0, 0, 0, 0, 0, 0, 0.113985895629871, 
0, 0.0187025211042155, 0, 0, 0, 0, 0, 0, 0, 0, 0, 0, 0, 0.0283912947478278, 
0, 0, 0, 0, 0, 0.332345787205123, 0, 0, 0, 0, 0, 0, 0, 0.0168686995079541, 
0, 0.00123898837864314, 0, 0.213801181141711, 0, 0, 0, 0, 0, 
0.186333508149741, 0.000407255245371684, 0.128245443814498, 0, 
0.0179836226001319, 0, 0.000510050407141849, 0, 0, 0, 0, 0, 0, 
0, 0, 0.00584317870147005, 0, 0, 0, 0, 0.66598165637582, 0, 0, 
0, 0, 0.00362359333723296, 0, 0.00850405248148121, 0.00146874477671325, 
0.000576047313378007, 0, 0.187737027903645, 0.0116540634359999, 
0.0667438173380703, 0, 0, 0, 0.10698495877524, 0.0130018505969358, 
0, 0, 0, 0, 0, 0, 0.0031173734259948, 0, 0, 0, 0, 0, 0.00147252498152987, 
0, 1, 0.151622110400507, 0, 0, 0, 0, 0.000103198453651504, 0, 
0.351492023847974, 0.142494589809168, 0, 0, 0, 0, 0.000245718347326098, 
0, 0.0526849617209929, 0.142096571248821, 0.00749244279584566, 
0.000270375594714965, 0, 0, 0, 0, 0.00343281227479457, 0, 0, 
0, 0, 0, 0, 0, 0.66598165637582, 0, 0, 0, 0, 0, 0, 0.000214743763716162, 
0, 0.00240805848187468, 0, 0, 0.00179136646671931, 0.0446026606724102, 
0.0415558940833502, 0.10454943920229, 0, 0, 0.0805890269652118, 
0.173464026570692, 0, 0, 0, 0.000406549269468072, 0, 0, 0, 0, 
0, 0, 0, 0, 0, 0, 0.212506351779708, 0.968159672432279, 0, 0, 
0, 0, 0, 0, 0.0140993958839416, 0.348542825460985, 0, 0, 0, 0, 
0, 0, 0.0178205426287268, 0.0543614962215459, 0, 0.00850712891929795, 
0, 0, 0, 0, 0, 0, 0, 0, 0, 0, 0, 0, 0, 0, 0, 0, 0, 0, 0, 0, 0, 
0, 0, 0, 0, 0, 0, 0, 0, 0, 0, 0, 0, 0, 0, 0, 0, 0, 0, 0, 0, 0, 
0, 0, 0, 0, 0, 0, 0, 0, 0, 0, 0, 0, 0, 0, 0, 0, 0, 0, 0, 0, 0, 
0, 0, 0, 0, 0, 0, 0, 0, 0, 0, 0, 0, 0, 0, 0, 0, 0, 0, 0, 0, 0, 
0, 0, 0, 0, 0, 0, 0, 0, 0, 0, 0, 0.0059309488230665, 0, 0, 0, 
0, 0, 0, 0, 0, 0, 0, 0, 0, 0, 0, 0, 0, 0, 0, 0, 0, 0, 0, 0, 0, 
0, 0, 0, 0, 0, 0, 0, 0, 0, 0, 0, 0, 0, 0, 0, 0, 0, 0, 0, 0, 0, 
0, 0, 0, 0, 0, 0, 0, 0, 0.501983964583635, 0, 0, 0, 0, 0, 0, 
0, 0, 0, 0, 0.10769081508983, 0, 0, 0, 0.324880802212682, 0.0939067101095085, 
0, 0, 0, 0, 0, 0, 0, 0, 0, 0, 0, 0, 0, 0, 0, 0, 0, 0, 0, 0, 0, 
0, 0.011213564883101, 0, 0.0747512614134774, 0.119543084792446, 
0.092302530664762, 0.0153046181383684, 0, 0, 0, 0, 0, 0, 0, 0, 
0, 0, 0, 0, 0, 0, 0, 0, 0, 0, 0, 0, 0.501983964583635, 0, 0, 
0, 0, 0, 0, 0, 0, 0, 0, 0, 0.0638839252367912, 0.252168652770428, 
0, 0, 0.584367257535606, 0.381122484405922, 0, 0, 0, 0, 0, 0, 
0, 0, 0, 0, 0, 0, 0, 0, 0, 0, 0, 0, 0, 0, 0, 0, 0, 0.0102008645127251, 
0, 0.110544388288107, 0.0679260374047498, 0.0195259658913375, 
0, 0, 0, 0.0272196659121682, 0, 0, 0, 0.0801338226614668, 0, 
0, 0.00233320027582242, 0, 0, 0, 0.000247467901813848, 0, 0.00362359333723296, 
0, 0, 0, 0, 0, 0, 0, 0.00218314215144905, 0, 0.041389889728896, 
0, 0.000259209355234524, 0, 0.0759799296911904, 0, 0, 0, 0.0544342523731721, 
0, 0, 0, 0.00144850834190539, 0, 0, 0, 0.017902418778754, 0, 
0, 0, 0, 0, 0, 0, 0, 0, 0, 0, 0, 0, 0, 0, 0.000260658241966774, 
0, 0, 0, 0, 0, 0, 0, 0.00853544233899095, 0, 0.00122040913532552, 
0, 0, 0, 0, 0, 0, 0, 0, 0.0284413659719249, 0, 0, 0, 0, 0, 0.000214743763716162, 
0, 0, 0, 0, 0, 0, 0, 0.0181474390097642, 0, 0.0567938004525941, 
0.0141567049149888, 0.0275167973669177, 0, 0.0576555581097103, 
0, 0.000485355634074629, 0, 0.028831579602134, 0, 0, 0, 0.0122626745621612, 
0, 0.0015252610681734, 0, 0.0124453556260198, 0, 0.000428170455745456, 
0, 0, 0, 0.000202523877160197, 0, 0.00149432511469368, 0, 0, 
0.0451019230506216, 0.0141114221832027, 0, 0, 0.000309939346339403, 
0.000303576727592026, 0, 0, 0, 0.000190929225939807, 0.00152311493841273, 
0.000188076516679734, 0, 0.00133604226573506, 0, 0.00793798134786081, 
0, 0.00151517767953049, 0, 0, 0, 0, 0.301751434213448, 0, 0, 
0, 0.146657122777929, 0, 0.00850405248148121, 0, 0, 0, 0, 0, 
0.00218314215144905, 0, 0, 0, 0.0600055456428634, 0, 0, 0, 0.162747114477218, 
0, 0, 0, 0, 0, 0, 0, 0.19549944188503, 0, 0, 0, 0, 0, 0.0144443021248347, 
0, 0, 0, 0.00348706664884311, 0, 0, 0, 0.00684421153964511, 0, 
0, 0, 0.0722938985566865, 0, 0.00692107851246845, 0, 0, 0, 0.00648947310869515, 
0, 0, 0, 0.388152681529394, 0, 0.0325100293681045, 0, 0.117783707566693, 
0, 0, 0, 0.0300976977362941, 0, 0, 0.137328173180814, 0, 0, 0, 
0.113985895629871, 0.00146874477671325, 0.00240805848187468, 
0, 0, 0, 0, 0, 0.0181474390097642, 0, 0, 0, 0.0802403366153931, 
0, 0, 0, 0.0788094371402633, 0, 0, 0, 0, 0, 0, 0, 0.311253091725486, 
0.000325999052427564, 0, 0, 0, 0, 0.000785914177264366, 0, 0, 
0, 0, 0, 0, 0, 0.0344606273822462, 0, 0.000164230566237654, 0, 
0.0256170119466062, 9.10555384005358e-05, 0.00609083605530547, 
0, 0, 0, 0.00187810117753843, 0, 0.000196559939849764, 0.000119122235105965, 
0.366638717082528, 0, 0.0279613923574545, 0, 0.133833944752405, 
0, 0, 0, 0.0066287889746781, 0.0656709123207169, 0, 0, 0, 0.0380038355280947, 
0, 0.000576047313378007, 0, 0, 0, 0, 0, 0.041389889728896, 0, 
0.0600055456428634, 0, 0, 0, 0, 0, 0.0453692994420955, 0, 0.000437966789644181, 
0, 0, 0, 0, 0, 0.18369688833808, 0, 0, 0, 0, 0, 0.001284795802118, 
0, 0, 0, 0, 0, 0, 0, 0, 0, 0, 0, 0.00614265344347994, 0, 0, 0, 
0, 0, 0.0215496521118419, 0, 0, 0, 0.00201099375697644, 0, 0.00305431261513423, 
0, 0.00110754586744401, 0, 0.00797305914992936, 0, 0, 0, 0, 0.210441734059532, 
0, 0, 0, 0.0187025211042155, 0, 0, 0, 0, 0, 0, 0, 0.0567938004525941, 
0, 0.0802403366153931, 0, 0, 0, 0, 0, 0.0457833190955277, 0, 
0, 0, 0.000420014155805739, 0, 0, 0, 0.211852223675227, 0, 0, 
0, 0, 0, 0.00187873384866037, 0, 0.00468958890374334, 0, 0.0096478380343517, 
0, 0, 0, 0, 0, 0, 0, 0.000496328491739662, 0, 0, 0, 0.00128233600802876, 
0, 0.0105030713090505, 0, 0.000726478742480441, 0, 0.00334977187839617, 
0, 0.00413387228885526, 0, 0.00212390983306787, 0, 0.0124653693211407, 
0, 0, 0, 0, 0.74074986244386, 0.00559971682635104, 0, 0, 0.187737027903645, 
0.00179136646671931, 0, 0, 0, 0, 0.000259209355234524, 0.0141567049149888, 
0, 0, 0, 0, 0, 0.330991661415161, 0, 0, 0, 0, 0.151404926876945, 
0, 0.00699704260873775, 0, 0, 0, 0.068450210463525, 0.00318066272996599, 
0.0164791598502295, 0.0410533111577757, 0, 0, 0, 0, 0, 0, 0.0569120250893982, 
0, 0, 0, 0.785074606452672, 0.196886852052717, 0, 0, 0.550333922133229, 
0.0297512528655338, 0.359190801676133, 0.00513966361934666, 0, 
0, 0.0339679403453475, 0, 0.00169429254538432, 0.000192213087016062, 
0, 0, 0, 0, 0, 0, 0, 0, 0, 0, 0.0238111141810649, 0.222212896927054, 
0, 0, 0.0116540634359999, 0.0446026606724102, 0, 0, 0, 0, 0, 
0.0275167973669177, 0, 0, 0, 0, 0.330991661415161, 0, 0, 0, 0, 
0, 0, 0.0860452846386353, 0, 0.00118026760126815, 0, 0, 0.00465491795091849, 
0.0678521502944177, 0, 0.025032375336789, 0, 0, 0, 0, 0, 0, 0.000536716241507291, 
0.0854519126878841, 0, 0, 0.198996260997916, 0.669730126951429, 
0, 0, 0.162955066221578, 0.360213503962564, 0.00253250421347872, 
0.0436558608384246, 0, 0, 0, 0.014746531112937, 0, 0.000711511519077432, 
0, 0.000453337009551868, 0, 0, 0, 0, 0, 0, 0.006032764284666, 
0, 0, 0, 0.000237736525095514, 0, 0.0667438173380703, 0.0415558940833502, 
0, 0, 0, 0, 0.0759799296911904, 0, 0.162747114477218, 0, 0.0453692994420955, 
0, 0, 0, 0, 0.000822276431162491, 0, 0, 0.0115098407215622, 0, 
0, 0, 0.0580791876244712, 0, 0, 0, 0, 0, 0, 0, 0.006812624421896, 
0, 0.00577545391882451, 0, 0.0680219256071145, 0.000483936387748142, 
0, 0, 0, 0, 0, 0, 3.1422368206078e-05, 0.00655475967259009, 0, 
0, 0.000124061125507091, 0, 0.00149675614166468, 0, 0.0347241210346747, 
0.00987115388560591, 0.0284823106222798, 0, 0, 0, 0, 0, 0, 0, 
0, 0.000307588815929633, 0, 0, 0, 0, 0, 0.10454943920229, 0, 
0, 0, 0, 0, 0.0576555581097103, 0, 0.0788094371402633, 0, 0.0457833190955277, 
0, 0, 0.000822276431162491, 0, 0, 0, 0, 0.00679291278151667, 
0, 0, 0, 0.0262455175898271, 0.00394940930750085, 0.00423569268196074, 
0, 0, 0, 0, 0, 0, 0, 0, 0.00954787229845529, 0.0674199662606087, 
0, 0, 0, 0, 0, 0, 0, 0.00192931979869462, 0, 0, 0, 0.000328830327616053, 
0, 0, 3.2768932610379e-05, 0.0735727235379336, 0, 0.0336200357488157, 
0, 0, 0, 0.00393424122796868, 0, 0, 0, 0, 0, 0, 0, 0, 0, 0, 0, 
0, 0.10769081508983, 0.0638839252367912, 0, 0, 0, 0, 0.000437966789644181, 
0, 0, 0, 0, 0, 0, 0.00483331764566487, 0.000259339731923993, 
0, 0.181039858666984, 0.0143739295344343, 0.00021362542915198, 
0, 0, 0, 0, 0, 0.000443647833168599, 0, 0.192522968982274, 0, 
0.08231111543038, 0, 0.000459028429786796, 0, 0, 0, 0, 0, 0, 
0, 0, 0, 0.0391867262795877, 0, 0.041133356075247, 0.00443963305716025, 
0.00411249379945313, 0.00189472610613022, 0, 0, 0.0158538942064405, 
0, 0, 0, 0, 0, 0, 0, 0, 0, 0, 0.00674444676261755, 0, 0, 0, 0, 
0, 0.0059309488230665, 0, 0.252168652770428, 0, 0.000485355634074629, 
0, 0, 0, 0, 0, 0, 0, 0, 0.00483331764566487, 0, 0, 0, 0.10526771633662, 
0.120249197545346, 0, 0, 0, 0, 0, 0, 0, 0.000180204844258603, 
0, 0.140788157231666, 0, 0.0989745492209012, 0, 0, 0, 0, 0, 0, 
0, 0, 0, 0, 0.00200011197806256, 0.0306393677783027, 0, 0.0144822352688684, 
0.00106302186840165, 0.000313638540896256, 0, 0, 0, 0.0110735750446334, 
0, 0, 0, 0.011776982044584, 0, 0, 0, 0, 0.0113904185507212, 0, 
0, 0, 0.10698495877524, 0.0805890269652118, 0, 0, 0, 0, 0.0544342523731721, 
0, 0, 0, 0, 0, 0.151404926876945, 0, 0.0115098407215622, 0, 0.000259339731923993, 
0, 0, 0.0160331149969333, 0, 0, 0.0062018828851493, 0, 0, 0, 
0.0304852516409422, 0, 0, 0, 0.0034949455515712, 0, 0.00172241795141165, 
0, 0.339125858345055, 0.0443560952361917, 0, 0, 0.0173421520276775, 
0, 0, 0, 0.0426750763528633, 0.00177471872991233, 0.0792261493959631, 
0, 0.000251095820698268, 0, 0.00975331965969189, 0, 0, 0, 0.0210617437042422, 
0, 0, 0, 0, 0, 0, 0, 0, 0, 0, 0, 0, 0, 0.0130018505969358, 0.173464026570692, 
0, 0, 0, 0, 0, 0.028831579602134, 0, 0, 0, 0.000420014155805739, 
0, 0.0860452846386353, 0, 0.00679291278151667, 0, 0, 0.0160331149969333, 
0, 0, 0, 0, 0, 0, 0, 0, 0.0330650407776367, 0, 0, 0, 0, 0, 0, 
0.042417658315808, 0.360158455205095, 0, 0, 0.00183438337698484, 
0.0019803421870085, 0, 0, 0.000249473791873089, 0.0517816084547316, 
0, 0, 0, 0.00228427151727842, 0, 0.000527328143838352, 0, 0.000152912798530359, 
0, 0.0103529003764778, 0, 0, 0, 0, 0, 0, 0, 0, 0.00373150331831177, 
0, 0, 0, 0, 0, 0, 0, 0.324880802212682, 0.584367257535606, 0, 
0, 0, 0, 0, 0, 0.00699704260873775, 0, 0, 0, 0.181039858666984, 
0.10526771633662, 0, 0, 0, 0.279485724144969, 0, 0, 0, 0, 0, 
0, 0, 0, 0, 0, 0, 0, 0, 0, 0, 0, 0, 0, 0, 0, 0.0145655941583616, 
0, 0.632925574500722, 0.0746033228092805, 0.00396901533146031, 
0.0135643217311874, 0.0388464030515897, 0.00925743207540917, 
0, 0, 0.0151920269252337, 0, 0, 0, 0, 0, 0, 0, 0, 0, 0, 0.0220075292918305, 
0, 0, 0, 0, 0, 0, 0.0939067101095085, 0.381122484405922, 0, 0, 
0, 0, 0, 0, 0, 0.00118026760126815, 0, 0, 0.0143739295344343, 
0.120249197545346, 0, 0, 0.279485724144969, 0, 0, 0, 0, 0, 0, 
0, 0, 0, 0, 0, 0, 0, 0, 0, 0, 0, 0, 0, 0, 0, 0, 0.0108459383722191, 
0.176732286819544, 0.613162623445458, 0, 0.013325483142929, 0.0105263874693458, 
0.040396589081146, 0, 0, 0, 0.00381926727552573, 0, 0, 0, 0, 
0, 0, 0.58865332801695, 0, 0, 0, 0.0124896709607153, 0, 0, 0, 
0, 0, 0, 0, 0.00144850834190539, 0, 0.19549944188503, 0, 0.18369688833808, 
0, 0, 0, 0.0580791876244712, 0, 0.00021362542915198, 0, 0.0062018828851493, 
0, 0, 0, 0, 0, 0, 0, 0.00280117738554698, 0, 0.00275033869583103, 
0, 0, 0, 0, 0, 0.00258744406685913, 0, 0, 0, 0, 0, 0.0037215322241697, 
0, 0, 0, 0, 0, 0.0122835323667231, 0, 0, 0, 0.00181704235262819, 
0, 0.199725716212478, 0, 0.0220772016083811, 0, 0.0277118285655972, 
0, 0.00836251661588751, 0, 0, 0.529425599224006, 0, 0, 0, 0.0283912947478278, 
0, 0.000406549269468072, 0, 0, 0, 0, 0, 0.0122626745621612, 0, 
0.311253091725486, 0, 0.211852223675227, 0, 0, 0, 0.0262455175898271, 
0, 0, 0, 0, 0, 0, 0, 0, 0, 0, 0, 0, 0, 0.060389742835771, 0, 
0.00222921104748081, 0, 0.042560958016709, 0, 0, 0, 0, 0, 0, 
0, 0.012552897798944, 0, 0.00023112096118701, 0, 0.00292485976112048, 
0, 0.0301698851208969, 0, 0.000246103646916073, 0, 0.00212778476389528, 
0, 0.122461931403935, 0, 0.0576752446816009, 0, 0.00689745331113148, 
0, 0, 0, 0, 0.0019123753496109, 0, 0.000191113284126712, 0, 0, 
0, 0, 0, 0, 0, 0, 0, 0, 0.000325999052427564, 0, 0, 0.068450210463525, 
0.00465491795091849, 0, 0.00394940930750085, 0, 0, 0, 0, 0, 0, 
0, 0, 0, 0.934022499239892, 0, 0, 0, 0, 0, 0, 0, 0, 0, 0, 0.0623119846905015, 
0.058518808369305, 0.421599838404412, 0.126554397535668, 0.092854951389817, 
0.00635264970802855, 0.156771957168753, 0.0349480870228012, 0, 
0, 0, 0, 0.0380727418173822, 0.0173742906521792, 0.0416498129709917, 
0.0246282039008081, 0, 0, 0, 0, 0, 0, 0, 0, 0, 0, 0.00262625645731394, 
0.0481794359356607, 0, 0, 0, 0, 0, 0, 0, 0, 0, 0.0015252610681734, 
0, 0, 0, 0, 0.00318066272996599, 0.0678521502944177, 0, 0.00423569268196074, 
0, 0, 0, 0, 0, 0, 0, 0, 0.934022499239892, 0, 0, 0, 0, 0, 0, 
0, 0, 0, 0, 0, 0.012803088713979, 0.0644910001988383, 0.116245367014511, 
0.733537659872849, 0.0442443834749574, 0.0619165831159964, 0.168396950198891, 
0.271515752939704, 0, 0, 0, 0, 0.0201745213940566, 0.0318181127770981, 
0.00340103180091498, 0.0389049860550163, 0, 0, 0, 0, 0, 0, 0, 
0, 0, 0, 0.0676807640230988, 0, 0, 0, 0.0031173734259948, 0, 
0, 0, 0, 0, 0.017902418778754, 0, 0, 0, 0, 0, 0.0164791598502295, 
0, 0, 0, 0, 0, 0.0304852516409422, 0, 0, 0, 0.00280117738554698, 
0, 0, 0, 0, 0, 0, 0, 0, 0, 0, 0, 0, 0, 0, 0, 0, 0, 0, 0, 0.00344588014921554, 
0, 0, 0, 0, 0, 0.000939524527042276, 0, 0.000330575053337525, 
0, 0.00384872891419549, 0, 0, 0, 0, 0, 0, 0, 0, 0, 0, 0, 0, 0, 
0, 0, 0, 0, 0, 0, 0, 0.0124453556260198, 0, 0, 0, 0, 0.0410533111577757, 
0.025032375336789, 0, 0, 0, 0, 0, 0.0330650407776367, 0, 0, 0, 
0, 0, 0, 0, 0, 0, 0, 0, 0, 0, 0, 0, 0, 0, 0, 0, 0, 0, 0, 0.00106665042940924, 
0.00826324457849958, 0, 0, 0, 0, 0, 0.000181239664282634, 0, 
0, 0, 0, 0, 0, 0, 0, 0, 0, 0.00240545896178254, 0, 0, 0, 0.28552756856503, 
0, 0, 0, 0, 0, 0, 0, 0, 0, 0.0144443021248347, 0, 0.001284795802118, 
0, 0, 0, 0, 0, 0.000443647833168599, 0, 0, 0, 0, 0, 0.00275033869583103, 
0, 0, 0, 0, 0, 0, 0, 0.0021653611956627, 0, 0.293230396803438, 
0, 0, 0, 0.000430594701895724, 0, 0, 0, 0.127382456568556, 0, 
0, 0, 0, 0, 0.114377628163923, 0, 0.0891256216327679, 0, 0.00490314037314801, 
0, 0.0179443398672939, 0, 0.00242067491801865, 0, 0, 0, 0, 0, 
0, 0.0718229594611797, 0, 0, 0, 0.332345787205123, 0, 0, 0, 0, 
0, 0, 0, 0.000428170455745456, 0, 0.000785914177264366, 0, 0.00187873384866037, 
0, 0, 0, 0, 0, 0.000180204844258603, 0, 0, 0, 0, 0, 0.060389742835771, 
0, 0, 0, 0, 0, 0, 0, 0, 0, 0.251371800307411, 0, 0, 0, 0.000242882577275384, 
0, 0, 0, 0.122633666168344, 0, 0, 0, 0, 0, 0.0838142450298311, 
0, 0.113113084824007, 0, 0, 0, 0.0553074774255384, 0, 0.021217263676973, 
0, 0, 0, 0, 0, 0, 0, 0, 0, 0, 0, 0, 0, 0, 0, 0, 0, 0, 0, 0, 0, 
0, 0, 0, 0.006812624421896, 0, 0.192522968982274, 0, 0.0034949455515712, 
0, 0, 0, 0, 0, 0, 0, 0, 0, 0.0021653611956627, 0, 0, 0, 0.310696686343595, 
0, 0.0017727911275106, 0, 0, 0, 0, 0, 0, 0, 0, 0, 0, 0, 0.0644274758264153, 
0, 0.0194623659024893, 0, 0.000639851086437071, 0, 0.00378018837826836, 
0, 0, 0, 0, 0, 0, 0, 0, 0, 0, 0, 0, 0, 0, 0, 0, 0, 0, 0, 0, 0, 
0, 0, 0, 0.00468958890374334, 0, 0, 0, 0, 0, 0.140788157231666, 
0, 0, 0, 0, 0, 0.00222921104748081, 0, 0, 0, 0, 0, 0, 0, 0, 0, 
0.337633045456124, 0, 0, 0, 0, 0, 0, 0, 0, 0, 0, 0, 0, 0, 0.0891373257403046, 
0.00190514596731688, 0.00424649432390237, 0, 0, 0, 0.0125538282097397, 
0, 0.000639004613982754, 0, 0, 0, 0, 0.000969497090279963, 0, 
0, 0, 0.000517783111265429, 0, 0.00147252498152987, 0, 0, 0, 
0, 0, 0, 0, 0.00348706664884311, 0, 0, 0, 0, 0, 0.00577545391882451, 
0, 0.08231111543038, 0, 0.00172241795141165, 0, 0, 0, 0, 0, 0, 
0, 0, 0, 0.293230396803438, 0, 0.310696686343595, 0, 0, 0, 0, 
0, 0.0052882877028756, 0, 0, 0, 0.00520087593738065, 0, 0.000627661893368873, 
0, 0, 0, 0.192811324000207, 0, 0.00847813741753209, 0, 0.00941943780042736, 
0, 0.000866429437119225, 0, 0.000378294514148361, 0, 0, 0, 0.00229218761178081, 
0, 0, 0.00866552560385306, 0, 0, 0, 0, 0, 0, 0, 0, 0, 0, 0, 0.000202523877160197, 
0, 0, 0, 0.0096478380343517, 0, 0, 0, 0, 0, 0.0989745492209012, 
0, 0, 0, 0, 0, 0.042560958016709, 0, 0, 0, 0, 0, 0.251371800307411, 
0, 0.337633045456124, 0, 0, 0, 0, 0, 0.000189883476979336, 0, 
0, 0, 0.0108119356384552, 0, 0, 0, 0, 0, 0.199341952992096, 0, 
0.0230801433503311, 0, 0, 0, 0.0249753063056998, 0, 0.000727603074475078, 
0, 0, 0, 0.00257671208243953, 0, 0, 0.0165923675016123, 0, 0, 
0, 1, 0.212506351779708, 0, 0, 0, 0, 0, 0, 0, 0, 0, 0, 0.0569120250893982, 
0.000536716241507291, 0.0680219256071145, 0.00954787229845529, 
0.000459028429786796, 0, 0.339125858345055, 0.042417658315808, 
0, 0, 0.00258744406685913, 0, 0, 0, 0, 0, 0, 0, 0.0017727911275106, 
0, 0, 0, 0, 0.199571432403914, 0, 0, 0.00896783020838048, 0, 
0, 0, 0.200471912246021, 0.0282603731269483, 0.0376084438166015, 
0, 0, 0, 0.00228965425606063, 0, 0.00120911382908689, 0.00778840466175919, 
0.00416817091297826, 0, 0, 0, 0, 0, 0, 0, 0, 0, 0, 0.00167308676143137, 
0, 0, 0.151622110400507, 0.968159672432279, 0, 0, 0, 0, 0, 0.00149432511469368, 
0, 0, 0, 0, 0, 0.0854519126878841, 0.000483936387748142, 0.0674199662606087, 
0, 0, 0.0443560952361917, 0.360158455205095, 0, 0, 0, 0, 0, 0, 
0, 0, 0, 0, 0, 0, 0, 0, 0.199571432403914, 0, 0, 0, 0, 0, 0, 
0, 0.000954596750426872, 0.176982307597623, 0, 0, 0, 0.00245423196692919, 
0, 0, 0, 0.000794656607238293, 0, 0.000420972948445838, 0, 0, 
0, 0, 0, 0, 0, 0, 0, 0, 0.0030974351418196, 0, 0, 0, 0, 0, 0, 
0, 0, 0, 0.00684421153964511, 0, 0, 0, 0, 0, 0, 0, 0, 0, 0, 0, 
0, 0, 0, 0, 0.0623119846905015, 0.012803088713979, 0, 0, 0.000430594701895724, 
0, 0, 0, 0.0052882877028756, 0, 0, 0, 0, 0.00901760061061249, 
0.0029920036534569, 0, 0.182554107168595, 0, 0.0105557356833779, 
0.0129399314297107, 0, 0, 0, 0, 0.0015373778811173, 0, 0.0999702991832903, 
0.0159496147376018, 0.039114243004626, 0, 0.208881694881018, 
0, 0, 0, 0.106885355505034, 0, 0, 0, 0, 0, 0, 0.0168686995079541, 
0, 0, 0, 0, 0, 0, 0, 0, 0, 0.0344606273822462, 0, 0, 0, 0, 0, 
0, 0, 0, 0, 0, 0, 0, 0, 0, 0.058518808369305, 0.0644910001988383, 
0, 0, 0, 0.000242882577275384, 0, 0, 0, 0.000189883476979336, 
0, 0, 0.00901760061061249, 0, 0, 0.000336695411853408, 0.00276450095362176, 
0.256112752900778, 0.00248032949659976, 0.0061292730348672, 0, 
0, 0, 0.000387469015964336, 0, 0.00140994591716017, 0.000896849945483845, 
0.114453533904038, 0, 0.0175044215882658, 0, 0.249409902569223, 
0, 0, 0, 0.0796198282310438, 0, 0, 0.628402633923921, 0.0337617935321787, 
0.0099378294903532, 0, 0, 0, 0, 0, 0, 0, 0, 0.0451019230506216, 
0, 0, 0, 0, 0.785074606452672, 0.198996260997916, 0, 0, 0, 0, 
0.0173421520276775, 0.00183438337698484, 0, 0, 0, 0, 0.421599838404412, 
0.116245367014511, 0, 0, 0, 0, 0, 0, 0, 0, 0.00896783020838048, 
0, 0.0029920036534569, 0, 0, 0.643461322790346, 0.0217925205624074, 
0, 0.262859973635512, 0.0126440747692581, 0.182315803648736, 
0, 0, 0, 0.134615121601732, 0.0104975488442654, 0.000872103340233935, 
0.000350111779363963, 0, 0, 0, 0, 0, 0, 0, 0, 0, 0, 0.0672922534062899, 
0.517825750299048, 0, 0.00123898837864314, 0, 0, 0, 0, 0, 0, 
0, 0.0141114221832027, 0, 0.000164230566237654, 0, 0, 0.196886852052717, 
0.669730126951429, 0, 0, 0, 0, 0, 0.0019803421870085, 0, 0, 0, 
0, 0.126554397535668, 0.733537659872849, 0, 0, 0, 0, 0, 0, 0, 
0, 0, 0, 0, 0.000336695411853408, 0.643461322790346, 0, 0, 0.0173893679098095, 
0.0191966974559216, 0.15204660128498, 0, 0.0935569348283734, 
0, 0, 0.0215517923854392, 0.0928630982377036, 0, 0, 0, 0, 0, 
0, 0, 0, 0, 0, 0.000170138459037366, 0, 0, 0, 0.217042403587086, 
0, 0.000103198453651504, 0, 0, 0, 0, 0, 0, 0, 0.0722938985566865, 
0, 0.00614265344347994, 0, 0, 0, 0, 0, 0, 0, 0, 0, 0, 0, 0.0037215322241697, 
0, 0.092854951389817, 0.0442443834749574, 0, 0, 0.127382456568556, 
0, 0, 0, 0.00520087593738065, 0, 0, 0, 0.182554107168595, 0.00276450095362176, 
0.0217925205624074, 0, 0, 0.000331419856271587, 0.000280758238442392, 
0.000483621850132059, 0, 0, 0.0173059136778672, 0, 0.0267655317452219, 
0, 0.030372727825056, 8.07381664938559e-05, 0.0120587247349086, 
0, 0.0229037499566028, 0, 0, 0, 0.0546704386331286, 0, 0, 0.00167987939722663, 
0, 0, 0, 0.213801181141711, 0, 0, 0, 0, 0, 0, 0, 0, 0, 0.0256170119466062, 
0, 0.000496328491739662, 0, 0, 0, 0, 0, 0, 0, 0, 0, 0, 0, 0.012552897798944, 
0.00635264970802855, 0.0619165831159964, 0, 0, 0, 0.122633666168344, 
0, 0, 0, 0.0108119356384552, 0, 0, 0, 0.256112752900778, 0, 0.0173893679098095, 
0.000331419856271587, 0, 0, 0.00146572443477709, 0, 0, 0, 0.0116872121973107, 
0.004437734838315, 0.0420715126230772, 0, 0.00858361164561332, 
0, 0.00841622729140124, 0, 0.0459808226225406, 0, 0, 0, 0.0281507523242517, 
0, 0, 0.279555422762885, 0.00376990577733161, 0, 0, 0.351492023847974, 
0.0140993958839416, 0, 0, 0, 0, 0.000260658241966774, 0.000309939346339403, 
0.00692107851246845, 9.10555384005358e-05, 0, 0, 0.550333922133229, 
0.162955066221578, 3.1422368206078e-05, 0, 0, 0, 0.0426750763528633, 
0.000249473791873089, 0.0145655941583616, 0, 0, 0, 0.156771957168753, 
0.168396950198891, 0.00344588014921554, 0.00106665042940924, 
0, 0, 0, 0, 0.000627661893368873, 0, 0.200471912246021, 0.000954596750426872, 
0.0105557356833779, 0.00248032949659976, 0.262859973635512, 0.0191966974559216, 
0.000280758238442392, 0, 0, 0.377840757858059, 0.177711670757406, 
0, 0, 0, 0.0433970554043518, 0.000738625658158791, 0.0956930593853268, 
0.0870914806195759, 0.000111395810947036, 0, 0, 0, 0, 0, 0, 0, 
0, 0, 0.0324887910156641, 0.101275169091477, 0, 0, 0.142494589809168, 
0.348542825460985, 0, 0, 0, 0, 0, 0.000303576727592026, 0, 0.00609083605530547, 
0, 0, 0.0297512528655338, 0.360213503962564, 0.00655475967259009, 
0.00192931979869462, 0, 0, 0.00177471872991233, 0.0517816084547316, 
0, 0.0108459383722191, 0, 0.00023112096118701, 0.0349480870228012, 
0.271515752939704, 0, 0.00826324457849958, 0, 0, 0, 0, 0, 0, 
0.0282603731269483, 0.176982307597623, 0.0129399314297107, 0.0061292730348672, 
0.0126440747692581, 0.15204660128498, 0.000483621850132059, 0.00146572443477709, 
0.377840757858059, 0, 0.00640528695907297, 0.0121312877358838, 
0, 0, 0.00178322167362689, 0.0334355053702128, 0.0647541848102251, 
0.127434796285406, 0, 0.000817698247033733, 0, 0, 0, 0, 0, 0, 
0, 0, 0.596378617621284, 0.242029739479717, 0, 0, 0, 0, 0, 0, 
0.011213564883101, 0, 0, 0, 0, 0, 0, 0, 0.359190801676133, 0.00253250421347872, 
0, 0, 0.0391867262795877, 0.00200011197806256, 0.0792261493959631, 
0, 0.632925574500722, 0.176732286819544, 0, 0, 0, 0, 0, 0, 0, 
0, 0, 0, 0, 0, 0.0376084438166015, 0, 0, 0, 0.182315803648736, 
0, 0, 0, 0.177711670757406, 0.00640528695907297, 0, 0.198018468292652, 
0, 0, 0.115196889390135, 0.0130657209966955, 0, 0, 0, 0, 0, 0, 
0, 0, 0, 0, 0, 0, 0.0120196318650509, 0.429111797635191, 0, 0, 
0, 0, 0, 0, 0, 0.0102008645127251, 0, 0, 0, 0, 0, 0.00128233600802876, 
0.00513966361934666, 0.0436558608384246, 0, 0, 0, 0.0306393677783027, 
0, 0, 0.0746033228092805, 0.613162623445458, 0, 0.00292485976112048, 
0, 0, 0, 0, 0, 0, 0, 0, 0, 0, 0, 0, 0, 0, 0, 0.0935569348283734, 
0, 0, 0, 0.0121312877358838, 0.198018468292652, 0, 0, 0.000980104554173449, 
0.000991950339767613, 0.104256790486481, 0, 0, 0, 0.0026508741242303, 
0, 0, 0, 0, 0, 0, 0, 0, 0, 0, 0.112687896953355, 0, 0, 0, 0, 
0, 0.0747512614134774, 0, 0, 0, 0.00648947310869515, 0, 0.0215496521118419, 
0, 0, 0, 0.000124061125507091, 0, 0.041133356075247, 0, 0.000251095820698268, 
0, 0.00396901533146031, 0, 0.0122835323667231, 0, 0, 0, 0, 0, 
0.114377628163923, 0, 0.0644274758264153, 0, 0.192811324000207, 
0, 0, 0, 0, 0, 0, 0, 0.0173059136778672, 0, 0, 0, 0, 0, 0, 0, 
0.0854681998083157, 3.31618734661373e-05, 3.29688833458671e-05, 
0, 6.03835553368562e-05, 0, 0, 0, 0, 0, 0, 0, 0, 0, 0, 0, 0, 
0.186333508149741, 0, 0, 0, 0, 0.119543084792446, 0.110544388288107, 
0, 0.000190929225939807, 0, 0.00187810117753843, 0, 0.0105030713090505, 
0, 0, 0, 0.000328830327616053, 0.00443963305716025, 0.0144822352688684, 
0, 0.00228427151727842, 0.0135643217311874, 0.013325483142929, 
0, 0.0301698851208969, 0, 0, 0, 0, 0, 0.0838142450298311, 0, 
0.0891373257403046, 0, 0.199341952992096, 0, 0.00245423196692919, 
0, 0.000387469015964336, 0, 0, 0, 0.0116872121973107, 0, 0, 0, 
0.000980104554173449, 0, 0, 0.00649706557311728, 0.0464766395219044, 
0, 0.00152167740441821, 0, 0.00275175568188394, 0, 0.000693041744918708, 
0, 0, 0, 0, 0, 0, 0.217517813914685, 0.0100174618051574, 0.15811849501484, 
0.000407255245371684, 0.000245718347326098, 0, 0, 0, 0.092302530664762, 
0.0679260374047498, 0, 0.00152311493841273, 0, 0, 0, 0, 0.0339679403453475, 
0, 0.00149675614166468, 0, 0.00411249379945313, 0.00106302186840165, 
0.00975331965969189, 0, 0.0388464030515897, 0.0105263874693458, 
0, 0, 0.0380727418173822, 0.0201745213940566, 0.000939524527042276, 
0, 0.0891256216327679, 0, 0.0194623659024893, 0.00190514596731688, 
0.00847813741753209, 0, 0.00228965425606063, 0, 0.0015373778811173, 
0, 0.134615121601732, 0.0215517923854392, 0.0267655317452219, 
0.004437734838315, 0.0433970554043518, 0.00178322167362689, 0.115196889390135, 
0.000991950339767613, 0.0854681998083157, 0.00649706557311728, 
0, 0.130677846675665, 0.0014847986780079, 0, 8.76719794903928e-05, 
0, 0, 0, 0, 0, 0, 0, 0, 0, 0.0573950167855314, 0.220831417717231, 
0.00159211965234067, 0.128245443814498, 0, 0, 0, 0, 0.0153046181383684, 
0.0195259658913375, 0, 0.000188076516679734, 0, 0.000196559939849764, 
0, 0.000726478742480441, 0, 0.014746531112937, 0, 0, 0.00189472610613022, 
0.000313638540896256, 0, 0.000527328143838352, 0.00925743207540917, 
0.040396589081146, 0, 0.000246103646916073, 0.0173742906521792, 
0.0318181127770981, 0, 0.000181239664282634, 0, 0.113113084824007, 
0, 0.00424649432390237, 0, 0.0230801433503311, 0, 0, 0, 0.00140994591716017, 
0.0104975488442654, 0.0928630982377036, 0, 0.0420715126230772, 
0.000738625658158791, 0.0334355053702128, 0.0130657209966955, 
0.104256790486481, 3.31618734661373e-05, 0.0464766395219044, 
0.130677846675665, 0, 0, 0.000288632440828833, 0, 0.00105134149373738, 
0, 0, 0, 0, 0, 0, 0, 0, 0, 0, 0.00742563404043678, 0, 0.0526849617209929, 
0.0178205426287268, 0, 0, 0, 0, 0.00853544233899095, 0, 0.388152681529394, 
0.000119122235105965, 0.00201099375697644, 0, 0.00169429254538432, 
0, 0.0347241210346747, 3.2768932610379e-05, 0, 0, 0, 0, 0, 0, 
0.00181704235262819, 0, 0.0416498129709917, 0.00340103180091498, 
0.000330575053337525, 0, 0.00490314037314801, 0, 0.000639851086437071, 
0, 0.00941943780042736, 0, 0.00120911382908689, 0, 0.0999702991832903, 
0.000896849945483845, 0.000872103340233935, 0, 0.030372727825056, 
0, 0.0956930593853268, 0.0647541848102251, 0, 0, 3.29688833458671e-05, 
0, 0.0014847986780079, 0, 0, 0.041440585610418, 0.0279459403053694, 
0, 0.081236211509267, 0, 0, 0, 0.0558402707567745, 0, 0, 0, 0, 
0, 0, 0.0179836226001319, 0.142096571248821, 0.0543614962215459, 
0, 0, 0, 0, 0, 0.00133604226573506, 0, 0.366638717082528, 0, 
0.00334977187839617, 0.000192213087016062, 0.000711511519077432, 
0.00987115388560591, 0.0735727235379336, 0, 0, 0, 0.000152912798530359, 
0, 0, 0, 0.00212778476389528, 0.0246282039008081, 0.0389049860550163, 
0, 0, 0, 0, 0, 0, 0, 0, 0.00778840466175919, 0.000794656607238293, 
0.0159496147376018, 0.114453533904038, 0.000350111779363963, 
0, 8.07381664938559e-05, 0.00858361164561332, 0.0870914806195759, 
0.127434796285406, 0, 0, 0, 0.00152167740441821, 0, 0.000288632440828833, 
0.041440585610418, 0, 0, 0.0162693292020902, 0, 0.0409901944565138, 
0, 0, 0, 0.00713787326897567, 0.400744381239341, 0, 0, 0, 0, 
0, 0.00749244279584566, 0, 0, 0, 0, 0, 0.00122040913532552, 0, 
0.0325100293681045, 0, 0.00305431261513423, 0, 0, 0, 0.0284823106222798, 
0, 0.0158538942064405, 0, 0.0210617437042422, 0, 0.0151920269252337, 
0, 0.199725716212478, 0, 0, 0, 0.00384872891419549, 0, 0.0179443398672939, 
0, 0.00378018837826836, 0, 0.000866429437119225, 0, 0.00416817091297826, 
0, 0.039114243004626, 0, 0, 0, 0.0120587247349086, 0, 0.000111395810947036, 
0, 0, 0, 6.03835553368562e-05, 0, 8.76719794903928e-05, 0, 0.0279459403053694, 
0, 0, 0, 0.0962233869635705, 0, 0.00513742635946499, 0, 0.404309110477308, 
0, 0, 0.341942734563466, 0, 0, 0, 0.000510050407141849, 0.000270375594714965, 
0.00850712891929795, 0, 0, 0, 0.0272196659121682, 0, 0.00793798134786081, 
0, 0.0279613923574545, 0, 0.00413387228885526, 0, 0.000453337009551868, 
0, 0.0336200357488157, 0, 0.0110735750446334, 0, 0.0103529003764778, 
0, 0.00381926727552573, 0, 0.122461931403935, 0, 0, 0, 0, 0, 
0.0553074774255384, 0, 0.0125538282097397, 0, 0.0249753063056998, 
0, 0.000420972948445838, 0, 0.0175044215882658, 0, 0, 0, 0.00841622729140124, 
0, 0.000817698247033733, 0, 0.0026508741242303, 0, 0.00275175568188394, 
0, 0.00105134149373738, 0, 0.0162693292020902, 0, 0, 0, 0.230399801792912, 
0, 0.0231216797814041, 0, 0.471078860961517, 0.04690600273429, 
0, 0, 0, 0.000435731019488262, 0, 0, 0, 0, 0, 0, 0, 0, 0, 0.117783707566693, 
0, 0.00110754586744401, 0, 0, 0, 0, 0, 0, 0, 0, 0, 0, 0, 0.0220772016083811, 
0, 0, 0, 0, 0, 0.00242067491801865, 0, 0, 0, 0.000378294514148361, 
0, 0, 0, 0.208881694881018, 0, 0, 0, 0.0229037499566028, 0, 0, 
0, 0, 0, 0, 0, 0, 0, 0.081236211509267, 0, 0.0962233869635705, 
0, 0, 0, 0, 0, 0.147448767570627, 0, 0, 0.128443164327774, 0, 
0, 0, 0, 0, 0, 0, 0, 0, 0, 0, 0.00151517767953049, 0, 0.133833944752405, 
0, 0.00212390983306787, 0, 0, 0, 0, 0, 0, 0, 0, 0, 0, 0, 0.0576752446816009, 
0, 0, 0, 0, 0, 0.021217263676973, 0, 0.000639004613982754, 0, 
0.000727603074475078, 0, 0, 0, 0.249409902569223, 0, 0, 0, 0.0459808226225406, 
0, 0, 0, 0, 0, 0.000693041744918708, 0, 0, 0, 0.0409901944565138, 
0, 0.230399801792912, 0, 0, 0, 0, 0, 0.876741439694652, 0, 0, 
0, 0, 0, 0, 0, 0, 0, 0, 0, 0, 0, 0, 0, 0, 0.00797305914992936, 
0, 0, 0, 0, 0, 0, 0, 0, 0, 0, 0, 0.0277118285655972, 0, 0, 0, 
0, 0, 0, 0, 0, 0, 0, 0, 0, 0, 0, 0, 0, 0, 0, 0, 0, 0, 0, 0, 0, 
0, 0, 0, 0, 0, 0.00513742635946499, 0, 0, 0, 0, 0, 0, 0, 0, 0, 
0, 0, 0, 0, 0, 0, 0, 0, 0, 0.0801338226614668, 0, 0, 0, 0, 0, 
0.0124653693211407, 0, 0, 0, 0.00393424122796868, 0, 0.011776982044584, 
0, 0, 0, 0, 0, 0.00689745331113148, 0, 0, 0, 0, 0, 0, 0, 0, 0, 
0, 0, 0, 0, 0, 0, 0, 0, 0, 0, 0, 0, 0, 0, 0, 0, 0, 0, 0, 0, 0.0231216797814041, 
0, 0, 0, 0, 0, 0, 0.00664170089022231, 0, 0, 0, 0, 0, 0.00343281227479457, 
0, 0, 0, 0, 0, 0, 0, 0.0300976977362941, 0, 0, 0, 0, 0, 0, 0, 
0, 0, 0, 0, 0, 0, 0.00836251661588751, 0, 0, 0, 0, 0, 0, 0, 0, 
0, 0.00229218761178081, 0, 0, 0, 0.106885355505034, 0, 0, 0, 
0.0546704386331286, 0, 0, 0, 0, 0, 0, 0, 0, 0, 0.0558402707567745, 
0, 0.404309110477308, 0, 0.147448767570627, 0, 0, 0, 0, 0, 0, 
0.00625788588902825, 0, 0, 0, 0, 0, 0, 0, 0, 0, 0, 0, 0, 0, 0.0066287889746781, 
0, 0, 0, 0, 0, 0, 0, 0, 0, 0, 0, 0, 0, 0, 0, 0, 0, 0, 0, 0, 0, 
0, 0, 0.00257671208243953, 0, 0, 0, 0.0796198282310438, 0, 0, 
0, 0.0281507523242517, 0, 0, 0, 0, 0, 0, 0, 0, 0, 0.00713787326897567, 
0, 0.471078860961517, 0, 0.876741439694652, 0, 0, 0, 0), .Dim = c(66L, 
66L))
