c(3.76086291426087e-17, 1.24517982261433e-15, 4.1196001395046e-16, 
6.53707246226532e-16, -1.22143130805155e-15, 1.23391840511667e-15, 
-5.9552800988977e-16, 2.62107340336442e-16, -3.03101903560961e-16, 
2.16097609495141e-16, -8.38409877137863e-16, 1.19649401708648e-16, 
1.98568697614578e-16, 8.01211486655114e-16, 1.51031560334337e-15, 
1.00773588399482e-15, 2.22751534044253e-16, -6.81197631851323e-16, 
8.50314856533175e-16, -9.4347859104917e-16, -1.06641246602832e-15, 
-1.32274423208917e-15, -8.37135836567672e-16, 1.09906966106023e-16, 
5.03184455087324e-16, -9.18004967979009e-16, 6.05997222653922e-16, 
2.21368993132075e-16, -7.94597120833917e-16, 8.51627986529243e-16, 
1.13671858149979e-15, 5.39847703889667e-16, 1.33736337976087e-16, 
3.36029050282442e-16, -5.65871486305461e-16, 1.1178058924968e-15, 
9.66240976119082e-16, 2.53949451557524e-16, 1.10102928323009e-15, 
-1.12623918144749e-15, 7.22664702103716e-17, -3.67503329464341e-17, 
1.37922896756855e-15, 3.14468444715208e-16, -4.03312952198111e-16, 
2.82129917213721e-16, -1.37124616278911e-15, -7.51849519907534e-16, 
-9.50779374056596e-17, 1.35265429323809e-15, -9.1666290150604e-16, 
-5.1478358691033e-16, 1.03790966999652e-15, 1.39996836324704e-15, 
1.21327845568475e-15, -6.90893366177937e-16, -8.21136631850677e-17, 
-7.18116913531561e-16, -3.16995807887556e-16, -1.20806238100999e-15, 
8.00125086775522e-16, -5.81788746308005e-16, -4.41674296024658e-16, 
-1.35916463425625e-16, -1.00549788559148e-15, 8.59727636069842e-16, 
10.8918918918919)
