structure(c(1, 0.214491600713366, 0.436914154892446, 0.192034490542055, 
0.0980633885172907, 0.196015908068231, 0.483719845533331, 0.553468186071444, 
0.538731163031342, 0.241289675127171, 0.50257365637403, 0.320642194417726, 
0.179021680605814, 0.234600424761952, 0.559701659681223, 0.489959280629168, 
0.16307991829163, 0.428484612489259, 0.225096122669334, 0.288240127189722, 
0.118816969159099, 0.447045225444483, 0.340507934443397, 0.482300203274698, 
0.474494090017565, 0.168752441857463, 0.334487267256647, 0.401436827436047, 
0.41979243165891, 0.496288537735242, 0.535987667345047, 0.249361116887189, 
0.233063913715814, 0.386657785450206, 0.285981637589596, 0.30558428808732, 
0.184198795340438, 0.0806006557540827, 0.0523511604152038, 0.45099502830078, 
0.559672448267358, 0.479434225106502, 0.323997769592176, 0.472533495533793, 
0.334956117727422, 0.296624881646148, 0.277950333636399, 0.525379349144548, 
0.390700365330276, 0.197677323278658, 0.453304619156297, 0.327123397200779, 
0.457452929719411, 0.0449601914160957, 0.376422906923939, 0.376145231613046, 
0.354973443729051, 0.441349323849211, 0.242334385451579, 0.363011459604755, 
0.432833601200349, 0.420828922789141, 0.418528256570311, 0.502904235167629, 
0.137882890272681, 0.359308521305527, 0.0214591054898143, 0.214491600713366, 
1, 0.192180536982724, 0.0283598894771158, 0.294232851809114, 
0.376969297967124, 0.453782631594554, 0.246866309200521, 0.442490918374521, 
0.320370178916264, 0.334513105978069, 0.510556100413638, 0.134147631133457, 
0.469121578816938, 0.318930043887923, 0.380259745920418, 0.272624895620942, 
0.322354472036451, 0.235849572273498, 0.330257389815799, -0.0699333691781874, 
0.13982443752737, 0.611829409319887, 0.272548666915847, 0.31541927092314, 
0.500750766827162, 0.29305945856479, 0.457302705806987, 0.202268491162256, 
0.432560300702545, 0.191665897140268, 0.303656833744212, 0.104002137978279, 
0.27454088022546, 0.551623027203778, 0.249742836149905, 0.108853794633882, 
0.130135951860578, 0.199907606905305, 0.414375239553959, 0.340599100494661, 
0.374139716192943, 0.316086163034929, 0.357038804860289, 0.437907635131998, 
0.168459094373649, 0.37111912562698, 0.418477524353416, 0.338493800351362, 
0.278656326052536, 0.341174250435033, 0.386071598099435, 0.319040525727021, 
-0.182311838422456, 0.111786973842092, 0.540986073907438, 0.312174899941325, 
0.327880445233448, 0.361940386242808, 0.301317285887606, 0.401020509450085, 
0.230726129045569, 0.397340534517624, 0.342000822473134, 0.277971443134367, 
0.149720776908617, -0.271663834091426, 0.436914154892446, 0.192180536982724, 
1, 0.345986384524712, -0.0209943818634201, 0.314986896369408, 
0.370531192050274, 0.529745993846265, 0.361965154323986, 0.193738546825909, 
0.4322856489457, 0.445875285080678, 0.26560278896623, 0.316610053365546, 
0.443952250540726, 0.484308724612103, 0.0934759784770862, 0.594889462693753, 
0.386154374288696, 0.550176758151337, 0.2327931488116, 0.561502040957444, 
0.232861269809263, 0.71644308185608, 0.553820133596652, 0.324083312120222, 
0.656815527489407, 0.653936395579797, 0.59932860249944, 0.405053389238978, 
0.572534320664144, 0.0822146579397191, 0.293276580730054, 0.337008415949155, 
0.257091659595286, 0.615942101931731, 0.233570322179215, -0.0782184672668975, 
0.386564295169094, 0.337329534169988, 0.56468571774028, 0.409883874421797, 
0.246790773178979, 0.467350399838775, 0.330974315940044, 0.363542459867879, 
0.332964250198621, 0.397775350024817, 0.487776186464146, 0.111955669186449, 
0.461997785242045, 0.30113312945253, 0.412409987877862, 0.0930709704179921, 
0.465567348710456, 0.246022837515685, 0.539456209941397, 0.485181464505125, 
0.221856516969953, 0.566633874404593, 0.646197930148517, 0.551903910757907, 
0.369276601374908, 0.502472137439943, 0.0323280638572179, 0.304974061480973, 
-0.23050145000103, 0.192034490542055, 0.0283598894771158, 0.345986384524712, 
1, -0.0620773912270536, 0.0722344713097989, 0.223282726904433, 
0.429660174702598, 0.0873154614099908, 0.0564403887573184, 0.423374832214232, 
0.10378242986617, 0.443526767036467, 0.159335691330848, 0.150644046258005, 
0.224871816426986, 0.181459030037169, 0.350824198140325, 0.143853338953858, 
0.252720824239021, 0.557679625299418, 0.379365281045844, 0.0748818274831339, 
0.29082283196474, 0.442666145748492, 0.121250249790037, 0.313102828034722, 
0.184395915682436, 0.526499155494603, 0.227281413446098, 0.383279480172969, 
-0.0442978067726238, 0.246372723827995, 0.23042855007572, 0.0266673233294449, 
0.174168815471802, 0.615712137373678, -0.0386428225504943, 0.11160784224868, 
0.263338446077778, 0.363220746271113, 0.164870602978469, 0.176202030512921, 
0.413247184373373, 0.0150349694719308, 0.414513585066566, 0.03104088032909, 
0.149350732377026, 0.182357178475951, 0.0770625398248104, 0.110209661277273, 
-0.0720822469381889, 0.0351391191340225, 0.464933220603382, 0.318241914736757, 
0.0861164067796668, 0.145892817795986, 0.420015004505499, 0.00218575066719558, 
0.250915403801334, 0.244381421789472, 0.490307092976924, 0.0977869349381623, 
0.24504922377403, -0.0374185112406216, 0.207640885718946, 0.275970889624954, 
0.0980633885172907, 0.294232851809114, -0.0209943818634201, -0.0620773912270536, 
1, 0.0875089041804518, 0.372538332959831, 0.102967457814468, 
0.277938093140648, 0.0134727021971924, 0.201891658021914, 0.175084466040002, 
-0.0261573137107504, 0.172344450881654, 0.151854525091202, 0.140430242529939, 
0.279454344012725, 0.0667071644593886, -0.144301201623366, -0.0275920892004349, 
-0.147161250491776, 0.0182402185897973, 0.20598243685757, 0.0629499012934311, 
0.062666419597972, 0.234284183110215, -0.0583482738052456, 0.0469568088230885, 
0.0145693351638352, 0.155684013870433, 0.058822957924153, 0.356970821240813, 
-0.00659012254102311, 0.00490278386236665, 0.121723791537397, 
0.0787122591247557, 0.0160700038460857, 0.420341974760019, 0.0740502276088627, 
0.186609815609332, 0.0718243449154522, 0.24516792899645, 0.104585418517565, 
0.173802699941935, 0.178674632165765, 0.0463288778849447, 0.101684523948156, 
0.087645441483686, 0.0800354297326767, 0.169705384225728, 0.102236282455119, 
0.145514201141024, 0.152261603988313, -0.125212277247641, -0.0614616488074238, 
0.181857205680137, 0.133716933600985, 0.0240695265447757, 0.190350844995417, 
-0.057975173082601, 0.0536551653125996, 0.0302263606280146, 0.244503860926067, 
0.061798125443203, 0.287068418367977, 0.171766677291289, -0.0887642574009093, 
0.196015908068231, 0.376969297967124, 0.314986896369408, 0.0722344713097989, 
0.0875089041804518, 1, 0.302536160201732, 0.319053535558461, 
0.310724738897934, 0.249700227527519, 0.251870758519923, 0.447347884855961, 
0.0215970399192041, 0.497255926136246, 0.276958626573166, 0.294610848818899, 
0.152795045782268, 0.373439260449718, 0.319609880935352, 0.383473447713053, 
-0.184512044111592, 0.207715122978245, 0.277237476783686, 0.343667318034748, 
0.252478917748643, 0.364013899943383, 0.406533694412589, 0.489648758224268, 
0.179344062210353, 0.328107391379581, 0.254374112810196, 0.138102957507262, 
0.0419583556779222, 0.26117055445757, 0.281211178291657, 0.448540084401511, 
0.0879582931982213, 0.00376199938164009, 0.329442024953737, 0.223933844691975, 
0.316782695610746, 0.265845283771055, 0.260011031617186, 0.268210866558823, 
0.422233048481297, 0.184996951046272, 0.393992228560685, 0.35256853709807, 
0.204112491612553, 0.0521546563797502, 0.442680527026396, 0.292322583184004, 
0.417848970322028, -0.230549944862112, 0.234965023509619, 0.250904472344108, 
0.360006831109741, 0.249538428984652, 0.280804038336161, 0.339092828336776, 
0.436781480842552, 0.246942364075881, 0.313964078355916, 0.346705689909692, 
0.0763765417212345, 0.0772696644162221, -1.04247038144018, 0.483719845533331, 
0.453782631594554, 0.370531192050274, 0.223282726904433, 0.372538332959831, 
0.302536160201732, 1, 0.647044957203134, 0.699971696943394, 0.290952865700339, 
0.69191897813357, 0.594749168064305, 0.322742993855999, 0.485108028873195, 
0.678306285970173, 0.47043768889117, 0.318503172029613, 0.546844113367368, 
0.272958477299102, 0.365385875327714, 0.0914625897831747, 0.355025747606799, 
0.535178889405552, 0.463390455030741, 0.588334596578043, 0.47088364169729, 
0.386673996600937, 0.569723346380794, 0.48532891658721, 0.590200071897709, 
0.540773271754736, 0.424878308163056, 0.263190529302827, 0.462794499877817, 
0.407091067408122, 0.537066329675358, 0.290710820607365, 0.216960390793425, 
0.280815135408913, 0.642074578973293, 0.565024086856677, 0.647160361384978, 
0.363891828223535, 0.628056287381675, 0.538857395167945, 0.37684243425995, 
0.41229872083484, 0.62721815893206, 0.421825140075857, 0.17305928414181, 
0.595587594671305, 0.504267023871912, 0.472491800691838, -0.0212347820588015, 
0.327602199915423, 0.496876043868842, 0.503221941487478, 0.536759280601184, 
0.304639225251163, 0.414040804472891, 0.522075902656643, 0.465288386751691, 
0.56328195816179, 0.602166635786984, 0.24905008172827, 0.397740310280659, 
0.0536013173648556, 0.553468186071444, 0.246866309200521, 0.529745993846265, 
0.429660174702598, 0.102967457814468, 0.319053535558461, 0.647044957203134, 
1, 0.527196881899171, 0.274940884723876, 0.745923185202758, 0.389547960223768, 
0.463095305824813, 0.297058840309211, 0.625653888489464, 0.581549142977875, 
0.318317278105878, 0.554294154931762, 0.305373810682774, 0.453049304587559, 
0.268253550246291, 0.528620956429778, 0.447613297419719, 0.562999405547067, 
0.75206203044769, 0.286793301475532, 0.434720488378775, 0.53378152602338, 
0.772603532652616, 0.575965436519996, 0.737087653027518, 0.270733655113869, 
0.359327053489245, 0.546722622694137, 0.296550441887297, 0.489208229772755, 
0.462921656631129, 0.0904556365327532, 0.254489985243143, 0.619791716534585, 
0.767292181337915, 0.560406916214464, 0.388478481247877, 0.714436931320563, 
0.358036351705384, 0.53289559624758, 0.338673408584769, 0.600080529458186, 
0.509915232978933, 0.226975172134589, 0.461149804174291, 0.310384859170324, 
0.446735889376931, 0.126708542873794, 0.429139407520984, 0.3789244954845, 
0.577402859108842, 0.719429083128757, 0.282475234915186, 0.453430912069585, 
0.537370225779425, 0.762268979728086, 0.549484091141649, 0.667048654599797, 
0.207230142211037, 0.338156474682421, 0.596107567564792, 0.538731163031342, 
0.442490918374521, 0.361965154323986, 0.0873154614099908, 0.277938093140648, 
0.310724738897934, 0.699971696943394, 0.527196881899171, 1, 0.325040060822116, 
0.582714983375543, 0.603516962261769, 0.213768207692393, 0.41753217798644, 
0.705488752402521, 0.461098397124873, 0.193181208747598, 0.521238937681832, 
0.359022452162868, 0.325966745218302, -0.0724919121942046, 0.33629616469117, 
0.481500601028322, 0.463203832550071, 0.453732213919397, 0.437607396585239, 
0.340331926740058, 0.539437978710203, 0.367512901141018, 0.608591337351026, 
0.479443280311611, 0.342990788626345, 0.204336252153785, 0.451203245132597, 
0.410606415062488, 0.449741754469155, 0.0998351917922974, 0.201898671672468, 
0.311588145497915, 0.534964918711424, 0.595105895342103, 0.657381744562197, 
0.365251044099019, 0.588570299215099, 0.598821484554176, 0.312523560127441, 
0.430797518309463, 0.697742824152874, 0.436603323038066, 0.145880442409883, 
0.545015349116619, 0.503295989753343, 0.450617393472493, -0.21602264825195, 
0.310569959828313, 0.50192748285384, 0.480775946735872, 0.462428005755842, 
0.364633364455891, 0.348513281807814, 0.502396227310258, 0.407317325428298, 
0.56122901646888, 0.556520209741542, 0.20372560121287, 0.331059050115338, 
-0.0184619170195398, 0.241289675127171, 0.320370178916264, 0.193738546825909, 
0.0564403887573184, 0.0134727021971924, 0.249700227527519, 0.290952865700339, 
0.274940884723876, 0.325040060822116, 1, 0.275536825405643, 0.309019700100359, 
0.269724956201262, 0.279960823852557, 0.275413362074847, 0.270812154811101, 
-0.0705009627443574, 0.338979131893898, 0.316764317161972, 0.279425989045083, 
0.0161271358275007, 0.172833938446741, 0.45218378053389, 0.266877009388542, 
0.323016541726603, 0.24455493498056, 0.260055418397276, 0.449537459876624, 
0.256950220054322, 0.37517864107009, 0.269770002480529, 0.10620825430624, 
0.144800042609544, 0.294061461569771, 0.249332561956794, 0.196532280000165, 
0.153359692345004, 0.0772478202986101, 0.244855087538444, 0.298558018075613, 
0.3239839530774, 0.333739143115809, 0.552306389061519, 0.308701954568244, 
0.379435194152262, 0.216833227200083, 0.290426745213444, 0.240800959728391, 
0.258018872174376, 0.0402326685053766, 0.363442326542129, 0.335666724439221, 
0.343751850018204, -0.102113050325982, 0.119463922685325, 0.345094837279077, 
0.295580545465929, 0.335214148585842, 0.145876279592218, 0.238276039613152, 
0.308303475506059, 0.240037377393855, 0.378724644130539, 0.336803551588459, 
-0.0571546033970068, 0.181044707591992, 0.606369838541058, 0.50257365637403, 
0.334513105978069, 0.4322856489457, 0.423374832214232, 0.201891658021914, 
0.251870758519923, 0.69191897813357, 0.745923185202758, 0.582714983375543, 
0.275536825405643, 1, 0.46215815829189, 0.472655615499028, 0.396641848543009, 
0.566267629664103, 0.674939535261104, 0.284054006154409, 0.540096411633648, 
0.188867698474695, 0.377310605469611, 0.284410446008966, 0.500079817569489, 
0.465975564157251, 0.572403046670324, 0.70349120012174, 0.310864392589672, 
0.406226375387817, 0.540394575607995, 0.721908710824169, 0.573158448738479, 
0.636171147293143, 0.25173066355425, 0.377653149517983, 0.501073564461846, 
0.289165001074829, 0.478346521545098, 0.511200659077086, 0.147182284823783, 
0.222149086561339, 0.650454706085049, 0.668213579062113, 0.58477790920094, 
0.414316434081576, 0.77022547290036, 0.414614626932101, 0.547907721348122, 
0.327708387135691, 0.582507601256927, 0.601874821275613, 0.262705227704766, 
0.515548590839369, 0.335331544187368, 0.4596182992422, 0.198246311504667, 
0.462042156273849, 0.420902219590502, 0.614982247532586, 0.662380167886163, 
0.223381589173203, 0.392720493454446, 0.53941665375469, 0.649317826016708, 
0.554462572119255, 0.666160649426884, 0.22455240679129, 0.454423126177406, 
0.281699078644608, 0.320642194417726, 0.510556100413638, 0.445875285080678, 
0.10378242986617, 0.175084466040002, 0.447347884855961, 0.594749168064305, 
0.389547960223768, 0.603516962261769, 0.309019700100359, 0.46215815829189, 
1, 0.180580795306643, 0.611423339871689, 0.530309921748718, 0.382995348639147, 
0.218992258022228, 0.524845431057282, 0.474690142389863, 0.443338315842083, 
-0.0897906855507463, 0.295776779505046, 0.460779876571738, 0.445347868488835, 
0.417498007668736, 0.546097202960036, 0.535662349194185, 0.654963946039256, 
0.291630242698334, 0.540322885654383, 0.433517416709389, 0.305449702411141, 
0.254085266309793, 0.404917617713132, 0.411029258472172, 0.537877084412867, 
0.170192704772383, 0.0660256147385647, 0.419981068221691, 0.455368256790745, 
0.446417770685007, 0.492730048341274, 0.341386237800217, 0.511555730617699, 
0.700173910553141, 0.227734041403014, 0.504851595979491, 0.535967455526399, 
0.3589002132121, 0.162205977873006, 0.53638470671862, 0.495174962104665, 
0.480201666884842, -0.170686795976419, 0.303946099019922, 0.392226791536456, 
0.492903637985933, 0.398111226449368, 0.371798157152387, 0.522551388111755, 
0.551027730816573, 0.320857690225151, 0.495140236257468, 0.473410536822834, 
0.27257211884474, 0.312334038078545, -0.0993726983637691, 0.179021680605814, 
0.134147631133457, 0.26560278896623, 0.443526767036467, -0.0261573137107504, 
0.0215970399192041, 0.322742993855999, 0.463095305824813, 0.213768207692393, 
0.269724956201262, 0.472655615499028, 0.180580795306643, 1, 0.172162767208021, 
0.243469561303592, 0.368238704066485, 0.315486382737694, 0.319704991640544, 
0.15514102596926, 0.232520193053514, 0.508951634443511, 0.387702760533096, 
0.18994350945947, 0.260602600594145, 0.493015852346548, 0.152119440163005, 
0.310123070466706, 0.249073920506769, 0.468716856149374, 0.273428820063383, 
0.410253747302254, 0.0576724089586316, 0.367953432794088, 0.312561891649918, 
0.069207506609789, 0.170866478757795, 0.477763116468109, 0.0333908562395297, 
0.123183081757283, 0.449659104430187, 0.380462753845069, 0.276754891755832, 
0.233321703462933, 0.47816302146752, 0.0421504689619128, 0.635870099930855, 
0.0833380533946008, 0.242108695095712, 0.310629368715931, 0.295160277561276, 
0.174882754616999, 0.160393938464631, 0.194850569932847, 0.34779173496279, 
0.315475523414822, 0.0962209375626861, 0.30920114751542, 0.507352366900349, 
0.0351124821989442, 0.197410537877368, 0.207270070045805, 0.46513406973314, 
0.259662698512191, 0.415151807774132, 0.0436701049228461, 0.199816114632293, 
0.590480901720856, 0.234600424761952, 0.469121578816938, 0.316610053365546, 
0.159335691330848, 0.172344450881654, 0.497255926136246, 0.485108028873195, 
0.297058840309211, 0.41753217798644, 0.279960823852557, 0.396641848543009, 
0.611423339871689, 0.172162767208021, 1, 0.425400580723612, 0.341232246870432, 
0.212925014878172, 0.482173149431953, 0.433065925184496, 0.468208877486541, 
-0.0376044433710337, 0.191704722408455, 0.412238523654242, 0.421753924283108, 
0.319371966334036, 0.514402088563065, 0.590855131969654, 0.542632385772686, 
0.231051637957552, 0.399467959407613, 0.34717050045616, 0.234796563776623, 
0.24035093815138, 0.315701245575589, 0.43771361589173, 0.513722203860867, 
0.18115499316545, -0.00750234697887332, 0.399334537975531, 0.382091232669321, 
0.351556433053741, 0.321935692798499, 0.268643677094303, 0.406657718410685, 
0.479675161952151, 0.188705712981367, 0.494743888117111, 0.370997346660772, 
0.331012121811655, 0.160103618619376, 0.514196597259666, 0.408315819571496, 
0.482724191210445, -0.0452260087585557, 0.263656525953345, 0.374428444585201, 
0.432613788388098, 0.35362381294949, 0.444731168632467, 0.490823162106863, 
0.514614082843958, 0.266916161336445, 0.375495884962551, 0.471846070497863, 
0.0326118799400905, 0.284827581672694, -0.212907194587306, 0.559701659681223, 
0.318930043887923, 0.443952250540726, 0.150644046258005, 0.151854525091202, 
0.276958626573166, 0.678306285970173, 0.625653888489464, 0.705488752402521, 
0.275413362074847, 0.566267629664103, 0.530309921748718, 0.243469561303592, 
0.425400580723612, 1, 0.467284852038836, 0.225384994648519, 0.544688895882046, 
0.329965642230003, 0.463525780843224, 0.0536298460855525, 0.362991981332204, 
0.435028845472124, 0.515459025800083, 0.522879647705587, 0.392057483407809, 
0.453548650797893, 0.583996943769933, 0.453408150719899, 0.577336251608054, 
0.536575726542572, 0.398816771386804, 0.3079381239767, 0.409031280710884, 
0.335836900146482, 0.541810759932338, 0.126393789328601, 0.16109627011356, 
0.328415542645658, 0.520572655848417, 0.605268299942844, 0.626479083170693, 
0.379460375609223, 0.530904428914771, 0.541328806382027, 0.272721346983941, 
0.425910525627036, 0.759415549470458, 0.452925970358378, 0.163527914565461, 
0.563082790023272, 0.502838718915196, 0.498097195528602, -0.0322124846322087, 
0.366853581320177, 0.48097544945481, 0.534706229185808, 0.467941852042193, 
0.425264902826204, 0.484958953486798, 0.579674030974575, 0.464172213244308, 
0.53990188773856, 0.596967962341138, 0.214637306529357, 0.359754768385144, 
-0.00668459806733903, 0.489959280629168, 0.380259745920418, 0.484308724612103, 
0.224871816426986, 0.140430242529939, 0.294610848818899, 0.47043768889117, 
0.581549142977875, 0.461098397124873, 0.270812154811101, 0.674939535261104, 
0.382995348639147, 0.368238704066485, 0.341232246870432, 0.467284852038836, 
1, 0.252960401195539, 0.501657817087024, 0.23219237773147, 0.422268099947414, 
0.195384021441816, 0.511967786826964, 0.478640808633155, 0.669795043900818, 
0.638527062600333, 0.24041995457092, 0.393733640228527, 0.532548730849184, 
0.667386786672135, 0.513714572341444, 0.574184055366225, 0.157501962917786, 
0.36881483112356, 0.433675799217014, 0.355065788809702, 0.447016553846877, 
0.341343873220941, 0.0448423730285555, 0.228633246109472, 0.486876150638096, 
0.661299755821136, 0.481988774604567, 0.309750722492666, 0.605085030214449, 
0.345590888284979, 0.508458638158825, 0.376470948598988, 0.457745116843368, 
0.699431837810644, 0.271649072493681, 0.450816665073463, 0.326367860041084, 
0.466271895057695, 0.0755568237907475, 0.500065070749464, 0.399450768931789, 
0.618736341306306, 0.634627939548385, 0.264786797642949, 0.389114188951258, 
0.558703593841907, 0.674301120400711, 0.483773384874981, 0.626607006830538, 
0.139052387694925, 0.325313088714447, -0.174086446038715, 0.16307991829163, 
0.272624895620942, 0.0934759784770862, 0.181459030037169, 0.279454344012725, 
0.152795045782268, 0.318503172029613, 0.318317278105878, 0.193181208747598, 
-0.0705009627443574, 0.284054006154409, 0.218992258022228, 0.315486382737694, 
0.212925014878172, 0.225384994648519, 0.252960401195539, 1, 0.164871018265038, 
0.0581899693753186, 0.0608172631904049, 0.0740759966264959, 0.102354754987072, 
0.158334558662687, 0.0679604186505639, 0.257740533906559, 0.261675585474481, 
0.107319808675932, 0.127268528599662, 0.146394135157198, 0.23321937547772, 
0.174418760692579, 0.295830323903596, 0.138861508659413, 0.177898375565881, 
0.227840615947797, 0.18712315812283, 0.125153618008135, 0.286477860179768, 
0.0280080951577613, 0.336418678752868, 0.292912401990575, 0.27211743612953, 
0.158534607037072, 0.207468343630689, 0.0683948274385923, 0.232449088822556, 
-0.00756531483200082, 0.247146293466213, 0.152486493351579, 0.683505408811053, 
0.141173851296736, 0.150844630302489, 0.152194900925321, 0.0425617567617594, 
0.0819537532737315, 0.21463351078137, 0.189541834911434, 0.249319878273524, 
0.186955503614434, 0.165831834087821, 0.186810422684068, 0.208235326049359, 
0.235059527754954, 0.158638372054833, 0.38045613516234, 0.142025509558845, 
0.376518677056343, 0.428484612489259, 0.322354472036451, 0.594889462693753, 
0.350824198140325, 0.0667071644593886, 0.373439260449718, 0.546844113367368, 
0.554294154931762, 0.521238937681832, 0.338979131893898, 0.540096411633648, 
0.524845431057282, 0.319704991640544, 0.482173149431953, 0.544688895882046, 
0.501657817087024, 0.164871018265038, 1, 0.458716426847716, 0.614556252122682, 
0.15195081772875, 0.448021228632186, 0.375716140881645, 0.659533405787018, 
0.571119973746959, 0.442676291600134, 0.642242563661361, 0.703453793757542, 
0.542945987626526, 0.623530283483839, 0.578860854172276, 0.171348366380523, 
0.3606988300889, 0.38328797293178, 0.364428183762453, 0.50414272096466, 
0.299169359112723, -0.00819121299217017, 0.413201687109857, 0.465479698892486, 
0.604568445308647, 0.496557347241708, 0.338604922371381, 0.550709530361174, 
0.453215096516088, 0.348095034539114, 0.354404334222666, 0.533432467189041, 
0.412784200164303, 0.102355669906436, 0.636513339880222, 0.443325328387265, 
0.547142444660239, 0.0343074503747945, 0.414272754377269, 0.396261702778508, 
0.553588629147312, 0.496682006533095, 0.337389840851244, 0.54510522445593, 
0.569279393551082, 0.50226965928239, 0.489150454252948, 0.564000126489771, 
0.0662526534092877, 0.38699649861583, 0.313947873970844, 0.225096122669334, 
0.235849572273498, 0.386154374288696, 0.143853338953858, -0.144301201623366, 
0.319609880935352, 0.272958477299102, 0.305373810682774, 0.359022452162868, 
0.316764317161972, 0.188867698474695, 0.474690142389863, 0.15514102596926, 
0.433065925184496, 0.329965642230003, 0.23219237773147, 0.0581899693753186, 
0.458716426847716, 1, 0.534749636333898, 0.0658019302825388, 
0.286707263723988, 0.249175154897707, 0.387385609146841, 0.362476938690748, 
0.331231794025321, 0.558164799953694, 0.474437486002917, 0.24372065057416, 
0.418531324479751, 0.32627656598787, 0.127277089398415, 0.253400289597947, 
0.260159675216878, 0.28915662535887, 0.258317088150394, 0.0967749755455591, 
-0.0779089314114926, 0.307426364052355, 0.259538489613904, 0.288954230248105, 
0.289798036058765, 0.203981671483933, 0.298322217647539, 0.315519531220295, 
0.208635000985778, 0.221534780756005, 0.305125474897258, 0.197791099297278, 
0.0921738578090883, 0.307274941933102, 0.328272049554215, 0.297868876354156, 
-0.0809552763928477, 0.249236530622876, 0.152317886286189, 0.300074583436554, 
0.277118177389571, 0.181447904752977, 0.419922972634517, 0.34188752731386, 
0.293278003137617, 0.339755578714283, 0.340687845067178, -0.02305141671026, 
0.144261608020303, -0.136263661535049, 0.288240127189722, 0.330257389815799, 
0.550176758151337, 0.252720824239021, -0.0275920892004349, 0.383473447713053, 
0.365385875327714, 0.453049304587559, 0.325966745218302, 0.279425989045083, 
0.377310605469611, 0.443338315842083, 0.232520193053514, 0.468208877486541, 
0.463525780843224, 0.422268099947414, 0.0608172631904049, 0.614556252122682, 
0.534749636333898, 1, 0.208435273577513, 0.296640498016316, 0.30330357417708, 
0.618997748910275, 0.526291106155788, 0.317429874732524, 0.666072959324231, 
0.602188559991746, 0.483175075889414, 0.428943600800603, 0.440176080920024, 
0.138094599960513, 0.307692759196226, 0.26535097381537, 0.248224481637146, 
0.430474222813888, 0.266804701240243, -0.0379844883625757, 0.416135193410302, 
0.370952189402916, 0.437556136168354, 0.353038297147263, 0.256300741709961, 
0.435774729066588, 0.345495441858424, 0.259517875564088, 0.37311730939173, 
0.385850074584511, 0.379979064680393, 0.100655158716668, 0.44638138300838, 
0.423450433132607, 0.49624879421181, 0.0476191884283451, 0.328662868068453, 
0.233167848558267, 0.469583935329225, 0.425100733047108, 0.252757038942067, 
0.542803727039132, 0.526495769563062, 0.450492481145794, 0.383233950899645, 
0.461435678137764, -0.0613370902759251, 0.323129006984424, 0.033826186763913, 
0.118816969159099, -0.0699333691781874, 0.2327931488116, 0.557679625299418, 
-0.147161250491776, -0.184512044111592, 0.0914625897831747, 0.268253550246291, 
-0.0724919121942046, 0.0161271358275007, 0.284410446008966, -0.0897906855507463, 
0.508951634443511, -0.0376044433710337, 0.0536298460855525, 0.195384021441816, 
0.0740759966264959, 0.15195081772875, 0.0658019302825388, 0.208435273577513, 
1, 0.270736460941328, 0.0217995705590333, 0.199893848463058, 
0.307454052667531, -0.117676885076303, 0.244884030497507, 0.0365835865388391, 
0.425091232401363, 0.100159418442457, 0.216944847094391, -0.0902208450913704, 
0.269810447003219, 0.0877258479984246, -0.0714161318281771, 0.0263764621189233, 
0.407838583237689, -0.147543525509509, -0.0554325946989671, 0.236027089125251, 
0.171705946543879, 0.113072569126362, 0.0241873997223414, 0.266750503264073, 
-0.113544865176129, 0.451342440710124, -0.0272682559382203, 0.0605273391289461, 
0.153963312717653, 0.0573465634448219, 0.019902873356237, -0.0224883662135329, 
0.00903931258606736, 0.6722651567065, 0.252690462399107, 0.00233644656328489, 
0.106294834941825, 0.302919368577059, -0.0323295904558442, 0.18839803056359, 
0.118280184161551, 0.336596080280055, 0.0601228780088126, 0.1944779936513, 
-0.0886543121141977, 0.190492564528313, 0.0814770742194049, 0.447045225444483, 
0.13982443752737, 0.561502040957444, 0.379365281045844, 0.0182402185897973, 
0.207715122978245, 0.355025747606799, 0.528620956429778, 0.33629616469117, 
0.172833938446741, 0.500079817569489, 0.295776779505046, 0.387702760533096, 
0.191704722408455, 0.362991981332204, 0.511967786826964, 0.102354754987072, 
0.448021228632186, 0.286707263723988, 0.296640498016316, 0.270736460941328, 
1, 0.144440339117872, 0.617022757517114, 0.56098553780407, 0.116183090064607, 
0.439594689681691, 0.36421217213671, 0.665117409671378, 0.437243240615319, 
0.673159597350427, 0.0902325533715793, 0.316886065741632, 0.365832260457449, 
0.177883236382874, 0.312766401778164, 0.346257239881543, 0.00389534716310395, 
0.138938434530875, 0.365624007366776, 0.538161385431673, 0.34433506998163, 
0.256517904624212, 0.552075367864908, 0.186909489658392, 0.516163836145577, 
0.189880703640335, 0.344811676538667, 0.412028075191334, 0.0748052886386604, 
0.215320067730548, 0.185248416581677, 0.307787045796534, 0.231730293776842, 
0.660596969273091, 0.199916460456109, 0.444942671027758, 0.510738382188534, 
0.157322133130851, 0.417582505219984, 0.435402485201492, 0.59875630617137, 
0.345970980699666, 0.532880554254344, 0.0344168700359034, 0.260991651491578, 
0.145306891871368, 0.340507934443397, 0.611829409319887, 0.232861269809263, 
0.0748818274831339, 0.20598243685757, 0.277237476783686, 0.535178889405552, 
0.447613297419719, 0.481500601028322, 0.45218378053389, 0.465975564157251, 
0.460779876571738, 0.18994350945947, 0.412238523654242, 0.435028845472124, 
0.478640808633155, 0.158334558662687, 0.375716140881645, 0.249175154897707, 
0.30330357417708, 0.0217995705590333, 0.144440339117872, 1, 0.314884764197405, 
0.500845686446316, 0.436829426604724, 0.310253972060347, 0.491111105141816, 
0.350479423964215, 0.507647392734409, 0.330620243548574, 0.219811562772698, 
0.170926601717335, 0.353103145443053, 0.438182316467608, 0.267452676788306, 
0.21447553297321, 0.0530986282566571, 0.166444195616067, 0.430826360835981, 
0.410335375437612, 0.438696329764865, 0.339472796819633, 0.44437274912991, 
0.396797454417957, 0.266622525421757, 0.348693608560427, 0.41297774615221, 
0.373205652180824, 0.219098063417484, 0.438344942975278, 0.376763646527608, 
0.334314804819514, -0.11157642172746, 0.218951146002786, 0.595291777488511, 
0.331283794455296, 0.506326792854624, 0.324404737836732, 0.274682824382036, 
0.416744970101524, 0.365002488504867, 0.446238831177944, 0.436273040868453, 
0.144389753147146, 0.23671895529428, 0.233780638484694, 0.482300203274698, 
0.272548666915847, 0.71644308185608, 0.29082283196474, 0.0629499012934311, 
0.343667318034748, 0.463390455030741, 0.562999405547067, 0.463203832550071, 
0.266877009388542, 0.572403046670324, 0.445347868488835, 0.260602600594145, 
0.421753924283108, 0.515459025800083, 0.669795043900818, 0.0679604186505639, 
0.659533405787018, 0.387385609146841, 0.618997748910275, 0.199893848463058, 
0.617022757517114, 0.314884764197405, 1, 0.654773312195321, 0.336739465495838, 
0.549863343115922, 0.616392623988999, 0.674154334045176, 0.477861085370607, 
0.691921297032379, 0.160443574404172, 0.369146360663683, 0.405774333696548, 
0.303171731698665, 0.594544643928432, 0.281921236639994, 0.0203175203141662, 
0.2990302904893, 0.388356371048703, 0.65026666842118, 0.481871883298264, 
0.287746765603962, 0.582681541628613, 0.439013395363911, 0.414383468308061, 
0.39967232028029, 0.476244115620935, 0.605056182350825, 0.0754242756115375, 
0.527210087866851, 0.382149984156555, 0.51707908777706, 0.0589569039717915, 
0.523409296437267, 0.354743914932039, 0.735104777569422, 0.603509887217725, 
0.284093591193441, 0.560940413553097, 0.661757473742833, 0.622413242616496, 
0.484677129267809, 0.623196314153407, 0.0390055469564025, 0.308036097003154, 
-0.353537241446007, 0.474494090017565, 0.31541927092314, 0.553820133596652, 
0.442666145748492, 0.062666419597972, 0.252478917748643, 0.588334596578043, 
0.75206203044769, 0.453732213919397, 0.323016541726603, 0.70349120012174, 
0.417498007668736, 0.493015852346548, 0.319371966334036, 0.522879647705587, 
0.638527062600333, 0.257740533906559, 0.571119973746959, 0.362476938690748, 
0.526291106155788, 0.307454052667531, 0.56098553780407, 0.500845686446316, 
0.654773312195321, 1, 0.331918286209416, 0.476911094969892, 0.54455895635698, 
0.7992590015058, 0.570094962835267, 0.729308378786082, 0.190896280128165, 
0.425534782960886, 0.50447578353751, 0.428730125035014, 0.499392226565574, 
0.512288142041253, 0.0586585014280548, 0.272833051236765, 0.576817676454361, 
0.729164906512495, 0.501641715061712, 0.403252177975747, 0.704476448210256, 
0.346977061076172, 0.58183146103569, 0.318307961396705, 0.467949853017717, 
0.597057777786182, 0.268475394459746, 0.545480629470187, 0.323380348621525, 
0.451623327016525, 0.198928482626139, 0.521595021893601, 0.43778119061203, 
0.552990673178382, 0.833795099585881, 0.228398584195366, 0.459939719896202, 
0.587349328813574, 0.771602735686282, 0.540451920094735, 0.690025053484257, 
0.128238962922001, 0.309971759312191, 0.290706728287321, 0.168752441857463, 
0.500750766827162, 0.324083312120222, 0.121250249790037, 0.234284183110215, 
0.364013899943383, 0.47088364169729, 0.286793301475532, 0.437607396585239, 
0.24455493498056, 0.310864392589672, 0.546097202960036, 0.152119440163005, 
0.514402088563065, 0.392057483407809, 0.24041995457092, 0.261675585474481, 
0.442676291600134, 0.331231794025321, 0.317429874732524, -0.117676885076303, 
0.116183090064607, 0.436829426604724, 0.336739465495838, 0.331918286209416, 
1, 0.405044558239283, 0.514315688561215, 0.229392874355543, 0.318955846135361, 
0.337431632797541, 0.286303018925279, 0.159126697083877, 0.241246118122594, 
0.44640995514903, 0.383399991390253, 0.0423472425296711, 0.0869175621867574, 
0.435777476140893, 0.345509332043089, 0.320169048084151, 0.406885349056725, 
0.241931024221155, 0.371713142402892, 0.532092117291626, 0.169673945514583, 
0.441312336367962, 0.421320275463673, 0.284825760889068, 0.176139059559955, 
0.44481790129168, 0.356132414274187, 0.348462638981056, -0.178104174462213, 
0.104533906913684, 0.424031402423698, 0.303069939159512, 0.346662186593125, 
0.455080397661392, 0.370421190442401, 0.495525781773621, 0.2310050535117, 
0.305770771274919, 0.299032038693479, 0.156270422185215, 0.206594642636261, 
-0.0488795429774262, 0.334487267256647, 0.29305945856479, 0.656815527489407, 
0.313102828034722, -0.0583482738052456, 0.406533694412589, 0.386673996600937, 
0.434720488378775, 0.340331926740058, 0.260055418397276, 0.406226375387817, 
0.535662349194185, 0.310123070466706, 0.590855131969654, 0.453548650797893, 
0.393733640228527, 0.107319808675932, 0.642242563661361, 0.558164799953694, 
0.666072959324231, 0.244884030497507, 0.439594689681691, 0.310253972060347, 
0.549863343115922, 0.476911094969892, 0.405044558239283, 1, 0.685166726680474, 
0.486761879295683, 0.551193281608802, 0.468489204793804, 0.0903895328462161, 
0.374726134660286, 0.373710446864685, 0.327270975056573, 0.483258109978495, 
0.278623378095101, -0.143669526897003, 0.488061947385334, 0.350017538023147, 
0.485400763806168, 0.387932912528603, 0.205702680696637, 0.460721571860146, 
0.360167530116801, 0.364098676647106, 0.449908747604166, 0.415946663199161, 
0.391087526758928, 0.102890718000822, 0.479115342420762, 0.36346677858376, 
0.503370976399844, 0.119900199458526, 0.49018244232229, 0.312768312562993, 
0.439561261634044, 0.447426328559198, 0.312027635972111, 0.681387398346336, 
0.622296353309737, 0.458909156304266, 0.428545903793983, 0.529417662031866, 
-0.00245694696438562, 0.337320954569627, 0.351434684940049, 0.401436827436047, 
0.457302705806987, 0.653936395579797, 0.184395915682436, 0.0469568088230885, 
0.489648758224268, 0.569723346380794, 0.53378152602338, 0.539437978710203, 
0.449537459876624, 0.540394575607995, 0.654963946039256, 0.249073920506769, 
0.542632385772686, 0.583996943769933, 0.532548730849184, 0.127268528599662, 
0.703453793757542, 0.474437486002917, 0.602188559991746, 0.0365835865388391, 
0.36421217213671, 0.491111105141816, 0.616392623988999, 0.54455895635698, 
0.514315688561215, 0.685166726680474, 1, 0.524422106724204, 0.648509045816926, 
0.55136320794274, 0.238153506060559, 0.309989796704419, 0.503115479762102, 
0.402871800265738, 0.641961783577548, 0.230420164788457, -0.0665956297251235, 
0.506184909537685, 0.483329433761917, 0.674427074946456, 0.552403210218944, 
0.383760777232953, 0.552106700872674, 0.605743903931436, 0.331266004631079, 
0.529753886473151, 0.590734250024255, 0.577749618454733, 0.12332180463359, 
0.677773976657868, 0.537381092991718, 0.652235919290353, -0.0807258191500335, 
0.41089001091457, 0.489175570891976, 0.595328166842962, 0.532975431995109, 
0.356028315603523, 0.595273071637016, 0.796320710474505, 0.521697620729157, 
0.615090578674213, 0.664384377681424, 0.0706606351311243, 0.414877563216397, 
0.0390564433233924, 0.41979243165891, 0.202268491162256, 0.59932860249944, 
0.526499155494603, 0.0145693351638352, 0.179344062210353, 0.48532891658721, 
0.772603532652616, 0.367512901141018, 0.256950220054322, 0.721908710824169, 
0.291630242698334, 0.468716856149374, 0.231051637957552, 0.453408150719899, 
0.667386786672135, 0.146394135157198, 0.542945987626526, 0.24372065057416, 
0.483175075889414, 0.425091232401363, 0.665117409671378, 0.350479423964215, 
0.674154334045176, 0.7992590015058, 0.229392874355543, 0.486761879295683, 
0.524422106724204, 1, 0.483783223684001, 0.753071512917273, 0.0590196178252186, 
0.359825928697731, 0.440549684583551, 0.252298046149196, 0.489417668086934, 
0.557977173937286, -0.0285345428748979, 0.249620092061983, 0.517099456755824, 
0.763447886273533, 0.477493277542965, 0.331350367537134, 0.731219346992209, 
0.263559172261489, 0.588376536433448, 0.29542986034469, 0.449079769058121, 
0.608658330747237, 0.143089144082545, 0.399983052499515, 0.191727320658329, 
0.396645503609867, 0.323671942608146, 0.562429991714063, 0.360491210745071, 
0.558109626799094, 0.765720899611185, 0.163922830274875, 0.446168980162794, 
0.58147876996973, 0.853587709034839, 0.410290270453087, 0.62611018618889, 
0.0424270468817596, 0.291587912743327, 0.0984083946104683, 0.496288537735242, 
0.432560300702545, 0.405053389238978, 0.227281413446098, 0.155684013870433, 
0.328107391379581, 0.590200071897709, 0.575965436519996, 0.608591337351026, 
0.37517864107009, 0.573158448738479, 0.540322885654383, 0.273428820063383, 
0.399467959407613, 0.577336251608054, 0.513714572341444, 0.23321937547772, 
0.623530283483839, 0.418531324479751, 0.428943600800603, 0.100159418442457, 
0.437243240615319, 0.507647392734409, 0.477861085370607, 0.570094962835267, 
0.318955846135361, 0.551193281608802, 0.648509045816926, 0.483783223684001, 
1, 0.53850981828257, 0.31945140768946, 0.467888329385877, 0.516945975335837, 
0.399435020646404, 0.380455951919466, 0.332307941933335, -0.00360304153919333, 
0.332525455196128, 0.575770566703179, 0.611269743106843, 0.536313624563614, 
0.396067133633507, 0.607649352154094, 0.495670407455727, 0.394009283652589, 
0.345606747209341, 0.609415530652356, 0.455131753429397, 0.181688255116752, 
0.529375454093023, 0.445413396280133, 0.514810147989546, -0.039642839924592, 
0.428054538816855, 0.536527823964483, 0.492977567731373, 0.590310000844443, 
0.297871130900223, 0.406655055527956, 0.549966224662518, 0.513517457660355, 
0.750616476315831, 0.611830588236634, 0.196687793563893, 0.448741342256158, 
0.216435730103331, 0.535987667345047, 0.191665897140268, 0.572534320664144, 
0.383279480172969, 0.058822957924153, 0.254374112810196, 0.540773271754736, 
0.737087653027518, 0.479443280311611, 0.269770002480529, 0.636171147293143, 
0.433517416709389, 0.410253747302254, 0.34717050045616, 0.536575726542572, 
0.574184055366225, 0.174418760692579, 0.578860854172276, 0.32627656598787, 
0.440176080920024, 0.216944847094391, 0.673159597350427, 0.330620243548574, 
0.691921297032379, 0.729308378786082, 0.337431632797541, 0.468489204793804, 
0.55136320794274, 0.753071512917273, 0.53850981828257, 1, 0.245364401639962, 
0.36925187528258, 0.540689363180585, 0.311076093980221, 0.450928801540004, 
0.46239904065676, 0.0638165790246117, 0.361485769915178, 0.527281357762292, 
0.726469179103688, 0.489830732216639, 0.383737522331388, 0.638017523568554, 
0.408090385563987, 0.510937129853336, 0.420011493252753, 0.493550397973261, 
0.550740656406693, 0.178927801694648, 0.439468482657196, 0.2945325479923, 
0.485655511269198, 0.184728182360723, 0.520392572149038, 0.36828188940149, 
0.567690627604721, 0.710626916465711, 0.282860144126778, 0.484483157013644, 
0.581295380780079, 0.714030632058761, 0.500118884232073, 0.732762953728396, 
0.140850307088687, 0.319695530068891, 0.0676585521908365, 0.249361116887189, 
0.303656833744212, 0.0822146579397191, -0.0442978067726238, 0.356970821240813, 
0.138102957507262, 0.424878308163056, 0.270733655113869, 0.342990788626345, 
0.10620825430624, 0.25173066355425, 0.305449702411141, 0.0576724089586316, 
0.234796563776623, 0.398816771386804, 0.157501962917786, 0.295830323903596, 
0.171348366380523, 0.127277089398415, 0.138094599960513, -0.0902208450913704, 
0.0902325533715793, 0.219811562772698, 0.160443574404172, 0.190896280128165, 
0.286303018925279, 0.0903895328462161, 0.238153506060559, 0.0590196178252186, 
0.31945140768946, 0.245364401639962, 1, 0.0528372133602349, 0.105603016727113, 
0.2076136494474, 0.139531044160148, -0.0327159756968498, 0.283225195392346, 
0.235798221381639, 0.231626730958599, 0.19910716533247, 0.300499951463848, 
0.199516325124613, 0.174128921813017, 0.361544996236691, 0.0105684587709999, 
0.212178562776903, 0.314511010285506, 0.207999074960029, 0.172922074664089, 
0.221225703671153, 0.288646913688777, 0.242154462884839, -0.00701372605159564, 
0.100446448750659, 0.250074238999125, 0.177712080214345, 0.207590317881109, 
0.227412243108316, 0.193776875149421, 0.195897322567556, 0.142932536002358, 
0.40179302335285, 0.312563313909152, 0.571145229892979, 0.136581438360357, 
-0.146536638797198, 0.233063913715814, 0.104002137978279, 0.293276580730054, 
0.246372723827995, -0.00659012254102311, 0.0419583556779222, 
0.263190529302827, 0.359327053489245, 0.204336252153785, 0.144800042609544, 
0.377653149517983, 0.254085266309793, 0.367953432794088, 0.24035093815138, 
0.3079381239767, 0.36881483112356, 0.138861508659413, 0.3606988300889, 
0.253400289597947, 0.307692759196226, 0.269810447003219, 0.316886065741632, 
0.170926601717335, 0.369146360663683, 0.425534782960886, 0.159126697083877, 
0.374726134660286, 0.309989796704419, 0.359825928697731, 0.467888329385877, 
0.36925187528258, 0.0528372133602349, 1, 0.344384437432155, 0.13578824553933, 
0.200953096653112, 0.356831977247023, -0.0554489960321958, 0.133630250676334, 
0.397568783272735, 0.300937290671415, 0.295285684624613, 0.315369850191294, 
0.413707776797967, 0.14746412146206, 0.384785191452794, 0.115031499199112, 
0.253190460279896, 0.337911873572764, 0.0479944413742327, 0.202943039360749, 
0.115526947186746, 0.235964068448959, 0.187531426016259, 0.318408470437667, 
0.167403550560522, 0.266658781354261, 0.459677593141602, 0.0488782988015982, 
0.192091522817155, 0.291152582170419, 0.329475147717459, 0.395715421730543, 
0.39799620552996, 0.0329287019588942, 0.472851529932236, 0.244425789376332, 
0.386657785450206, 0.27454088022546, 0.337008415949155, 0.23042855007572, 
0.00490278386236665, 0.26117055445757, 0.462794499877817, 0.546722622694137, 
0.451203245132597, 0.294061461569771, 0.501073564461846, 0.404917617713132, 
0.312561891649918, 0.315701245575589, 0.409031280710884, 0.433675799217014, 
0.177898375565881, 0.38328797293178, 0.260159675216878, 0.26535097381537, 
0.0877258479984246, 0.365832260457449, 0.353103145443053, 0.405774333696548, 
0.50447578353751, 0.241246118122594, 0.373710446864685, 0.503115479762102, 
0.440549684583551, 0.516945975335837, 0.540689363180585, 0.105603016727113, 
0.344384437432155, 1, 0.311597321798902, 0.360223880275203, 0.290938311963484, 
0.0280761768723111, 0.257927345963528, 0.48325731182504, 0.604761406628315, 
0.513630876362514, 0.384621859042213, 0.543209939890998, 0.347587535592537, 
0.435308590064637, 0.318526346372505, 0.550336076073372, 0.447328397663057, 
0.223960114579189, 0.403912341599355, 0.397980710748059, 0.415636379727662, 
0.0522576883934304, 0.430080844381222, 0.406976777459589, 0.420572967511722, 
0.527898990139876, 0.185228249643552, 0.356572909013629, 0.480920802548016, 
0.488887749316386, 0.543456626135012, 0.599229261887528, 0.102752047608424, 
0.380549473445619, 0.294739916186169, 0.285981637589596, 0.551623027203778, 
0.257091659595286, 0.0266673233294449, 0.121723791537397, 0.281211178291657, 
0.407091067408122, 0.296550441887297, 0.410606415062488, 0.249332561956794, 
0.289165001074829, 0.411029258472172, 0.069207506609789, 0.43771361589173, 
0.335836900146482, 0.355065788809702, 0.227840615947797, 0.364428183762453, 
0.28915662535887, 0.248224481637146, -0.0714161318281771, 0.177883236382874, 
0.438182316467608, 0.303171731698665, 0.428730125035014, 0.44640995514903, 
0.327270975056573, 0.402871800265738, 0.252298046149196, 0.399435020646404, 
0.311076093980221, 0.2076136494474, 0.13578824553933, 0.311597321798902, 
1, 0.363541573763357, 0.080543915900408, 0.165428109816782, 0.299168372208353, 
0.333287627360133, 0.352095237321588, 0.260526128823127, 0.235461421443458, 
0.378650756485135, 0.435025267476082, 0.183881784878142, 0.46265313102552, 
0.386266187071414, 0.321414124608476, 0.264744551561507, 0.443030453037821, 
0.300190913508244, 0.394016668665144, -0.156634684178842, 0.249322570571507, 
0.53761360621284, 0.28126600027313, 0.396566732613805, 0.470965577955387, 
0.443162183375796, 0.501389454971636, 0.310528705521611, 0.378682376550237, 
0.349896277040241, 0.151631413221448, 0.0644096199248839, -0.234335234323157, 
0.30558428808732, 0.249742836149905, 0.615942101931731, 0.174168815471802, 
0.0787122591247557, 0.448540084401511, 0.537066329675358, 0.489208229772755, 
0.449741754469155, 0.196532280000165, 0.478346521545098, 0.537877084412867, 
0.170866478757795, 0.513722203860867, 0.541810759932338, 0.447016553846877, 
0.18712315812283, 0.50414272096466, 0.258317088150394, 0.430474222813888, 
0.0263764621189233, 0.312766401778164, 0.267452676788306, 0.594544643928432, 
0.499392226565574, 0.383399991390253, 0.483258109978495, 0.641961783577548, 
0.489417668086934, 0.380455951919466, 0.450928801540004, 0.139531044160148, 
0.200953096653112, 0.360223880275203, 0.363541573763357, 1, 0.189258986667594, 
0.0935449656098137, 0.330768437096186, 0.345686905619361, 0.570415475287492, 
0.395634814712291, 0.258159631381141, 0.477840426698672, 0.492025870432547, 
0.281140331031467, 0.436224763264147, 0.482211704398921, 0.50778649097376, 
0.114152507652376, 0.645554056035699, 0.39929643830411, 0.532394751519917, 
-0.0571011112996448, 0.458222625348203, 0.349605525570881, 0.62472087215756, 
0.455943228043056, 0.349289214164947, 0.592224660408986, 0.745391710123503, 
0.515504974466926, 0.376025367965262, 0.582755311202704, 0.0552122487577758, 
0.248280800855662, -0.664163774302701, 0.184198795340438, 0.108853794633882, 
0.233570322179215, 0.615712137373678, 0.0160700038460857, 0.0879582931982213, 
0.290710820607365, 0.462921656631129, 0.0998351917922974, 0.153359692345004, 
0.511200659077086, 0.170192704772383, 0.477763116468109, 0.18115499316545, 
0.126393789328601, 0.341343873220941, 0.125153618008135, 0.299169359112723, 
0.0967749755455591, 0.266804701240243, 0.407838583237689, 0.346257239881543, 
0.21447553297321, 0.281921236639994, 0.512288142041253, 0.0423472425296711, 
0.278623378095101, 0.230420164788457, 0.557977173937286, 0.332307941933335, 
0.46239904065676, -0.0327159756968498, 0.356831977247023, 0.290938311963484, 
0.080543915900408, 0.189258986667594, 1, -0.0358117804714291, 
0.0754211159206841, 0.341124609150432, 0.367868252936881, 0.230675642797701, 
0.258440176588576, 0.564725068242848, 0.00137022125080351, 0.448236808053893, 
0.104937838952533, 0.139502649466057, 0.252895988769092, 0.0720144709813219, 
0.186501981271793, -0.0600838703935817, 0.138353599772215, 0.383883504891911, 
0.382580366156573, 0.127139956102943, 0.282750539228044, 0.522291403998722, 
-0.00264260462501199, 0.170563809259152, 0.217539572057875, 0.541888213854174, 
0.156891554636008, 0.371285447820603, 0.0633384165682062, 0.176099106596749, 
0.23495132620896, 0.0806006557540827, 0.130135951860578, -0.0782184672668975, 
-0.0386428225504943, 0.420341974760019, 0.00376199938164009, 
0.216960390793425, 0.0904556365327532, 0.201898671672468, 0.0772478202986101, 
0.147182284823783, 0.0660256147385647, 0.0333908562395297, -0.00750234697887332, 
0.16109627011356, 0.0448423730285555, 0.286477860179768, -0.00819121299217017, 
-0.0779089314114926, -0.0379844883625757, -0.147543525509509, 
0.00389534716310395, 0.0530986282566571, 0.0203175203141662, 
0.0586585014280548, 0.0869175621867574, -0.143669526897003, -0.0665956297251235, 
-0.0285345428748979, -0.00360304153919333, 0.0638165790246117, 
0.283225195392346, -0.0554489960321958, 0.0280761768723111, 0.165428109816782, 
0.0935449656098137, -0.0358117804714291, 1, -0.00203637319211485, 
0.174074860518463, 0.0712056744805873, 0.209801713857359, 0.116542257661154, 
0.10003321176141, 0.1316935979327, 0.0481781378094456, 0.0477179280769827, 
0.122223605129145, 0.0157537630610929, 0.205300093367535, 0.0358932174528929, 
0.149560463887521, 0.104953307482031, -0.132469384647499, -0.0735669676835713, 
0.151141396529268, 0.10959034255562, 0.0415544192124825, 0.159942207885399, 
0.113096774542357, 0.0229822220612077, 0.0500384650585528, 0.170540161563222, 
0.0119397171148304, 0.306489846936503, 0.00249019158215783, 0.180619624898985, 
0.0523511604152038, 0.199907606905305, 0.386564295169094, 0.11160784224868, 
0.0740502276088627, 0.329442024953737, 0.280815135408913, 0.254489985243143, 
0.311588145497915, 0.244855087538444, 0.222149086561339, 0.419981068221691, 
0.123183081757283, 0.399334537975531, 0.328415542645658, 0.228633246109472, 
0.0280080951577613, 0.413201687109857, 0.307426364052355, 0.416135193410302, 
-0.0554325946989671, 0.138938434530875, 0.166444195616067, 0.2990302904893, 
0.272833051236765, 0.435777476140893, 0.488061947385334, 0.506184909537685, 
0.249620092061983, 0.332525455196128, 0.361485769915178, 0.235798221381639, 
0.133630250676334, 0.257927345963528, 0.299168372208353, 0.330768437096186, 
0.0754211159206841, -0.00203637319211485, 1, 0.217841182584027, 
0.288627671118774, 0.29709655079422, 0.168196461460741, 0.258061713717614, 
0.513771199701089, 0.112101876773335, 0.521960756344679, 0.330112458581131, 
0.36343364078901, -0.0410434386207353, 0.366777815485488, 0.319743711100597, 
0.433891471922979, -0.105312921454511, 0.181865845293019, 0.24724526043301, 
0.372622167062874, 0.315227131036405, 0.354662314238671, 0.473096305931126, 
0.466527014681158, 0.269124101367696, 0.376582724986622, 0.325215215545447, 
0.0492890444008206, 0.20165442081031, 0.0431928533911657, 0.45099502830078, 
0.414375239553959, 0.337329534169988, 0.263338446077778, 0.186609815609332, 
0.223933844691975, 0.642074578973293, 0.619791716534585, 0.534964918711424, 
0.298558018075613, 0.650454706085049, 0.455368256790745, 0.449659104430187, 
0.382091232669321, 0.520572655848417, 0.486876150638096, 0.336418678752868, 
0.465479698892486, 0.259538489613904, 0.370952189402916, 0.236027089125251, 
0.365624007366776, 0.430826360835981, 0.388356371048703, 0.576817676454361, 
0.345509332043089, 0.350017538023147, 0.483329433761917, 0.517099456755824, 
0.575770566703179, 0.527281357762292, 0.231626730958599, 0.397568783272735, 
0.48325731182504, 0.333287627360133, 0.345686905619361, 0.341124609150432, 
0.174074860518463, 0.217841182584027, 1, 0.574209799505249, 0.611759391434842, 
0.452533964206295, 0.666412270081853, 0.382930714003638, 0.487718012875862, 
0.290701399030555, 0.596767419311885, 0.423326745374544, 0.261815687501519, 
0.420903280846049, 0.333995312907526, 0.377847441284099, 0.087367983365088, 
0.258863139671968, 0.45649314937126, 0.416227653873134, 0.569824464463338, 
0.186732047515009, 0.287270303405721, 0.422046760100429, 0.476994901826767, 
0.584278819067515, 0.572947494221782, 0.203742845918608, 0.473203594849708, 
0.188489661769474, 0.559672448267358, 0.340599100494661, 0.56468571774028, 
0.363220746271113, 0.0718243449154522, 0.316782695610746, 0.565024086856677, 
0.767292181337915, 0.595105895342103, 0.3239839530774, 0.668213579062113, 
0.446417770685007, 0.380462753845069, 0.351556433053741, 0.605268299942844, 
0.661299755821136, 0.292912401990575, 0.604568445308647, 0.288954230248105, 
0.437556136168354, 0.171705946543879, 0.538161385431673, 0.410335375437612, 
0.65026666842118, 0.729164906512495, 0.320169048084151, 0.485400763806168, 
0.674427074946456, 0.763447886273533, 0.611269743106843, 0.726469179103688, 
0.19910716533247, 0.300937290671415, 0.604761406628315, 0.352095237321588, 
0.570415475287492, 0.367868252936881, 0.0712056744805873, 0.288627671118774, 
0.574209799505249, 1, 0.654090575042609, 0.40227974952684, 0.689480778704197, 
0.407400919685621, 0.522807607943953, 0.33267054995898, 0.654023053346094, 
0.606104671613223, 0.268656968611605, 0.555000404437365, 0.371741013093352, 
0.552175090312202, 0.133624212357031, 0.50086111043747, 0.521961445704733, 
0.576558855058465, 0.715124757700801, 0.255468199598553, 0.495325188749783, 
0.661245559573855, 0.78535567840424, 0.605002195263398, 0.728088192165123, 
0.163233851784102, 0.37647612349828, 0.0667471099704856, 0.479434225106502, 
0.374139716192943, 0.409883874421797, 0.164870602978469, 0.24516792899645, 
0.265845283771055, 0.647160361384978, 0.560406916214464, 0.657381744562197, 
0.333739143115809, 0.58477790920094, 0.492730048341274, 0.276754891755832, 
0.321935692798499, 0.626479083170693, 0.481988774604567, 0.27211743612953, 
0.496557347241708, 0.289798036058765, 0.353038297147263, 0.113072569126362, 
0.34433506998163, 0.438696329764865, 0.481871883298264, 0.501641715061712, 
0.406885349056725, 0.387932912528603, 0.552403210218944, 0.477493277542965, 
0.536313624563614, 0.489830732216639, 0.300499951463848, 0.295285684624613, 
0.513630876362514, 0.260526128823127, 0.395634814712291, 0.230675642797701, 
0.209801713857359, 0.29709655079422, 0.611759391434842, 0.654090575042609, 
1, 0.388140574399743, 0.625965633487994, 0.440117369981514, 0.370868376240206, 
0.290902984592763, 0.721291987543224, 0.489116153471514, 0.137181613412665, 
0.510698834661481, 0.464916695855416, 0.450662447459884, 0.0135746104668371, 
0.292070139271239, 0.510780116516878, 0.488224339977598, 0.564146923235401, 
0.222685698906452, 0.347826874099093, 0.458261226055482, 0.481662096629643, 
0.597700244391353, 0.544025828988183, 0.278355641539609, 0.376278372601985, 
0.125986572102853, 0.323997769592176, 0.316086163034929, 0.246790773178979, 
0.176202030512921, 0.104585418517565, 0.260011031617186, 0.363891828223535, 
0.388478481247877, 0.365251044099019, 0.552306389061519, 0.414316434081576, 
0.341386237800217, 0.233321703462933, 0.268643677094303, 0.379460375609223, 
0.309750722492666, 0.158534607037072, 0.338604922371381, 0.203981671483933, 
0.256300741709961, 0.0241873997223414, 0.256517904624212, 0.339472796819633, 
0.287746765603962, 0.403252177975747, 0.241931024221155, 0.205702680696637, 
0.383760777232953, 0.331350367537134, 0.396067133633507, 0.383737522331388, 
0.199516325124613, 0.315369850191294, 0.384621859042213, 0.235461421443458, 
0.258159631381141, 0.258440176588576, 0.116542257661154, 0.168196461460741, 
0.452533964206295, 0.40227974952684, 0.388140574399743, 1, 0.404515125645582, 
0.368605236384749, 0.198573941817571, 0.214540746842114, 0.334057006258644, 
0.316815003414907, 0.151259260991916, 0.331771042820342, 0.192941066562477, 
0.385655445486262, -0.0364897567633082, 0.272256966644003, 0.442358878488092, 
0.335673674675552, 0.403613169682843, 0.215342706580158, 0.211595648962415, 
0.319475141348621, 0.35603100787911, 0.401451256302088, 0.42981157559128, 
0.115036302366601, 0.220496520543254, -0.033671765593719, 0.472533495533793, 
0.357038804860289, 0.467350399838775, 0.413247184373373, 0.173802699941935, 
0.268210866558823, 0.628056287381675, 0.714436931320563, 0.588570299215099, 
0.308701954568244, 0.77022547290036, 0.511555730617699, 0.47816302146752, 
0.406657718410685, 0.530904428914771, 0.605085030214449, 0.207468343630689, 
0.550709530361174, 0.298322217647539, 0.435774729066588, 0.266750503264073, 
0.552075367864908, 0.44437274912991, 0.582681541628613, 0.704476448210256, 
0.371713142402892, 0.460721571860146, 0.552106700872674, 0.731219346992209, 
0.607649352154094, 0.638017523568554, 0.174128921813017, 0.413707776797967, 
0.543209939890998, 0.378650756485135, 0.477840426698672, 0.564725068242848, 
0.10003321176141, 0.258061713717614, 0.666412270081853, 0.689480778704197, 
0.625965633487994, 0.404515125645582, 1, 0.458943911220022, 0.597765558786312, 
0.395023461089373, 0.586339170118233, 0.541150646412381, 0.135557857030422, 
0.478352910076681, 0.31473087768711, 0.407894282445714, 0.183225036064473, 
0.476411390287811, 0.459129130099168, 0.572264335935722, 0.694890075805854, 
0.286095850128582, 0.348170839403369, 0.52333695442839, 0.677037343791364, 
0.559090691883283, 0.67270618556201, 0.13016419002821, 0.383163022581456, 
0.0146465233339742, 0.334956117727422, 0.437907635131998, 0.330974315940044, 
0.0150349694719308, 0.178674632165765, 0.422233048481297, 0.538857395167945, 
0.358036351705384, 0.598821484554176, 0.379435194152262, 0.414614626932101, 
0.700173910553141, 0.0421504689619128, 0.479675161952151, 0.541328806382027, 
0.345590888284979, 0.0683948274385923, 0.453215096516088, 0.315519531220295, 
0.345495441858424, -0.113544865176129, 0.186909489658392, 0.396797454417957, 
0.439013395363911, 0.346977061076172, 0.532092117291626, 0.360167530116801, 
0.605743903931436, 0.263559172261489, 0.495670407455727, 0.408090385563987, 
0.361544996236691, 0.14746412146206, 0.347587535592537, 0.435025267476082, 
0.492025870432547, 0.00137022125080351, 0.1316935979327, 0.513771199701089, 
0.382930714003638, 0.407400919685621, 0.440117369981514, 0.368605236384749, 
0.458943911220022, 1, 0.116534812939985, 0.689019927397116, 0.541629492847312, 
0.39792867786806, 0.0721674146058346, 0.581091827049996, 0.543429967881605, 
0.564929241398402, -0.246159570317289, 0.219780964361634, 0.478435238112772, 
0.483041415598587, 0.337566224081698, 0.516483672055047, 0.519285359243426, 
0.624661091348916, 0.2825750921592, 0.522115786407395, 0.46278106902989, 
0.243870000034143, 0.247996338486484, -0.163352805359722, 0.296624881646148, 
0.168459094373649, 0.363542459867879, 0.414513585066566, 0.0463288778849447, 
0.184996951046272, 0.37684243425995, 0.53289559624758, 0.312523560127441, 
0.216833227200083, 0.547907721348122, 0.227734041403014, 0.635870099930855, 
0.188705712981367, 0.272721346983941, 0.508458638158825, 0.232449088822556, 
0.348095034539114, 0.208635000985778, 0.259517875564088, 0.451342440710124, 
0.516163836145577, 0.266622525421757, 0.414383468308061, 0.58183146103569, 
0.169673945514583, 0.364098676647106, 0.331266004631079, 0.588376536433448, 
0.394009283652589, 0.510937129853336, 0.0105684587709999, 0.384785191452794, 
0.435308590064637, 0.183881784878142, 0.281140331031467, 0.448236808053893, 
0.0481781378094456, 0.112101876773335, 0.487718012875862, 0.522807607943953, 
0.370868376240206, 0.198573941817571, 0.597765558786312, 0.116534812939985, 
1, 0.12034612056899, 0.321338843560925, 0.403157971548426, 0.211680701580774, 
0.298311844500077, 0.127405410369085, 0.317092052015345, 0.365686163875006, 
0.411950114485118, 0.245579608491594, 0.408307252899314, 0.618919668433291, 
0.0969297865485135, 0.285345062023062, 0.342811775054447, 0.618762407939779, 
0.367671977812664, 0.567739443978407, 0.0706480578156752, 0.361030214510415, 
0.0355618700011551, 0.277950333636399, 0.37111912562698, 0.332964250198621, 
0.03104088032909, 0.101684523948156, 0.393992228560685, 0.41229872083484, 
0.338673408584769, 0.430797518309463, 0.290426745213444, 0.327708387135691, 
0.504851595979491, 0.0833380533946008, 0.494743888117111, 0.425910525627036, 
0.376470948598988, -0.00756531483200082, 0.354404334222666, 0.221534780756005, 
0.37311730939173, -0.0272682559382203, 0.189880703640335, 0.348693608560427, 
0.39967232028029, 0.318307961396705, 0.441312336367962, 0.449908747604166, 
0.529753886473151, 0.29542986034469, 0.345606747209341, 0.420011493252753, 
0.212178562776903, 0.115031499199112, 0.318526346372505, 0.46265313102552, 
0.436224763264147, 0.104937838952533, 0.0477179280769827, 0.521960756344679, 
0.290701399030555, 0.33267054995898, 0.290902984592763, 0.214540746842114, 
0.395023461089373, 0.689019927397116, 0.12034612056899, 1, 0.415640934379225, 
0.43310888344126, 0.0823637903609173, 0.482693612978211, 0.316903841793887, 
0.464290408394851, -0.195679771539937, 0.312184616337416, 0.333722617717751, 
0.439572587020272, 0.383571449339061, 0.602344264510334, 0.566395683347935, 
0.63737671647092, 0.317587423351291, 0.445903469096247, 0.444230960180108, 
0.134253771207825, 0.155633934254986, -0.0443958450405025, 0.525379349144548, 
0.418477524353416, 0.397775350024817, 0.149350732377026, 0.087645441483686, 
0.35256853709807, 0.62721815893206, 0.600080529458186, 0.697742824152874, 
0.240800959728391, 0.582507601256927, 0.535967455526399, 0.242108695095712, 
0.370997346660772, 0.759415549470458, 0.457745116843368, 0.247146293466213, 
0.533432467189041, 0.305125474897258, 0.385850074584511, 0.0605273391289461, 
0.344811676538667, 0.41297774615221, 0.476244115620935, 0.467949853017717, 
0.421320275463673, 0.415946663199161, 0.590734250024255, 0.449079769058121, 
0.609415530652356, 0.493550397973261, 0.314511010285506, 0.253190460279896, 
0.550336076073372, 0.386266187071414, 0.482211704398921, 0.139502649466057, 
0.122223605129145, 0.330112458581131, 0.596767419311885, 0.654023053346094, 
0.721291987543224, 0.334057006258644, 0.586339170118233, 0.541629492847312, 
0.321338843560925, 0.415640934379225, 1, 0.488032321685477, 0.164058731198116, 
0.571455214950436, 0.532773364552152, 0.49765624638752, -0.0566709261865271, 
0.36595094449152, 0.519679156468431, 0.489121748565657, 0.485977365615302, 
0.326463349457422, 0.464920313315564, 0.580046010571296, 0.434314784070492, 
0.604873336619873, 0.576692483212476, 0.329431398200729, 0.35100283958646, 
-0.163458663478861, 0.390700365330276, 0.338493800351362, 0.487776186464146, 
0.182357178475951, 0.0800354297326767, 0.204112491612553, 0.421825140075857, 
0.509915232978933, 0.436603323038066, 0.258018872174376, 0.601874821275613, 
0.3589002132121, 0.310629368715931, 0.331012121811655, 0.452925970358378, 
0.699431837810644, 0.152486493351579, 0.412784200164303, 0.197791099297278, 
0.379979064680393, 0.153963312717653, 0.412028075191334, 0.373205652180824, 
0.605056182350825, 0.597057777786182, 0.284825760889068, 0.391087526758928, 
0.577749618454733, 0.608658330747237, 0.455131753429397, 0.550740656406693, 
0.207999074960029, 0.337911873572764, 0.447328397663057, 0.321414124608476, 
0.50778649097376, 0.252895988769092, 0.0157537630610929, 0.36343364078901, 
0.423326745374544, 0.606104671613223, 0.489116153471514, 0.316815003414907, 
0.541150646412381, 0.39792867786806, 0.403157971548426, 0.43310888344126, 
0.488032321685477, 1, 0.215857944596721, 0.436116610356886, 0.338147758668909, 
0.499343671354513, 0.110689499966832, 0.433377222868169, 0.430496196963595, 
0.675120469036528, 0.688526050086575, 0.234171055320316, 0.40442472204444, 
0.612079281089891, 0.664757765909461, 0.529063019673214, 0.624738127037963, 
0.166874822683423, 0.344033322847085, 0.122630670791707, 0.197677323278658, 
0.278656326052536, 0.111955669186449, 0.0770625398248104, 0.169705384225728, 
0.0521546563797502, 0.17305928414181, 0.226975172134589, 0.145880442409883, 
0.0402326685053766, 0.262705227704766, 0.162205977873006, 0.295160277561276, 
0.160103618619376, 0.163527914565461, 0.271649072493681, 0.683505408811053, 
0.102355669906436, 0.0921738578090883, 0.100655158716668, 0.0573465634448219, 
0.0748052886386604, 0.219098063417484, 0.0754242756115375, 0.268475394459746, 
0.176139059559955, 0.102890718000822, 0.12332180463359, 0.143089144082545, 
0.181688255116752, 0.178927801694648, 0.172922074664089, 0.0479944413742327, 
0.223960114579189, 0.264744551561507, 0.114152507652376, 0.0720144709813219, 
0.205300093367535, -0.0410434386207353, 0.261815687501519, 0.268656968611605, 
0.137181613412665, 0.151259260991916, 0.135557857030422, 0.0721674146058346, 
0.211680701580774, 0.0823637903609173, 0.164058731198116, 0.215857944596721, 
1, 0.140765497413647, 0.077381791062856, 0.196352426873045, -0.0188931658329469, 
0.0300608027481479, 0.230243324971033, 0.163684563984937, 0.248955785796044, 
0.212855027041625, 0.196992805017731, 0.210390676884256, 0.228356044813914, 
0.193242011705766, 0.181684167120662, 0.243277634378295, 0.217630174829323, 
0.590525248846044, 0.453304619156297, 0.341174250435033, 0.461997785242045, 
0.110209661277273, 0.102236282455119, 0.442680527026396, 0.595587594671305, 
0.461149804174291, 0.545015349116619, 0.363442326542129, 0.515548590839369, 
0.53638470671862, 0.174882754616999, 0.514196597259666, 0.563082790023272, 
0.450816665073463, 0.141173851296736, 0.636513339880222, 0.307274941933102, 
0.44638138300838, 0.019902873356237, 0.215320067730548, 0.438344942975278, 
0.527210087866851, 0.545480629470187, 0.44481790129168, 0.479115342420762, 
0.677773976657868, 0.399983052499515, 0.529375454093023, 0.439468482657196, 
0.221225703671153, 0.202943039360749, 0.403912341599355, 0.443030453037821, 
0.645554056035699, 0.186501981271793, 0.0358932174528929, 0.366777815485488, 
0.420903280846049, 0.555000404437365, 0.510698834661481, 0.331771042820342, 
0.478352910076681, 0.581091827049996, 0.298311844500077, 0.482693612978211, 
0.571455214950436, 0.436116610356886, 0.140765497413647, 1, 0.504293809101779, 
0.688512412252372, -0.0227445283103185, 0.348781749025988, 0.453683544949816, 
0.601060898412217, 0.498557437517381, 0.399380379630737, 0.552732875474356, 
0.663538438061478, 0.42926756721531, 0.51371865697729, 0.622127031941113, 
0.106644095897663, 0.325452711135492, -0.569713920357573, 0.327123397200779, 
0.386071598099435, 0.30113312945253, -0.0720822469381889, 0.145514201141024, 
0.292322583184004, 0.504267023871912, 0.310384859170324, 0.503295989753343, 
0.335666724439221, 0.335331544187368, 0.495174962104665, 0.160393938464631, 
0.408315819571496, 0.502838718915196, 0.326367860041084, 0.150844630302489, 
0.443325328387265, 0.328272049554215, 0.423450433132607, -0.0224883662135329, 
0.185248416581677, 0.376763646527608, 0.382149984156555, 0.323380348621525, 
0.356132414274187, 0.36346677858376, 0.537381092991718, 0.191727320658329, 
0.445413396280133, 0.2945325479923, 0.288646913688777, 0.115526947186746, 
0.397980710748059, 0.300190913508244, 0.39929643830411, -0.0600838703935817, 
0.149560463887521, 0.319743711100597, 0.333995312907526, 0.371741013093352, 
0.464916695855416, 0.192941066562477, 0.31473087768711, 0.543429967881605, 
0.127405410369085, 0.316903841793887, 0.532773364552152, 0.338147758668909, 
0.077381791062856, 0.504293809101779, 1, 0.484719576730372, -0.0799199214866855, 
0.138555757662369, 0.364352644617353, 0.383467013665367, 0.254565905710604, 
0.312616941648162, 0.423326740331139, 0.438064255963388, 0.200656560489474, 
0.448493538420197, 0.407181661941583, 0.232433586947928, 0.239463030172647, 
0.215747795098027, 0.457452929719411, 0.319040525727021, 0.412409987877862, 
0.0351391191340225, 0.152261603988313, 0.417848970322028, 0.472491800691838, 
0.446735889376931, 0.450617393472493, 0.343751850018204, 0.4596182992422, 
0.480201666884842, 0.194850569932847, 0.482724191210445, 0.498097195528602, 
0.466271895057695, 0.152194900925321, 0.547142444660239, 0.297868876354156, 
0.49624879421181, 0.00903931258606736, 0.307787045796534, 0.334314804819514, 
0.51707908777706, 0.451623327016525, 0.348462638981056, 0.503370976399844, 
0.652235919290353, 0.396645503609867, 0.514810147989546, 0.485655511269198, 
0.242154462884839, 0.235964068448959, 0.415636379727662, 0.394016668665144, 
0.532394751519917, 0.138353599772215, 0.104953307482031, 0.433891471922979, 
0.377847441284099, 0.552175090312202, 0.450662447459884, 0.385655445486262, 
0.407894282445714, 0.564929241398402, 0.317092052015345, 0.464290408394851, 
0.49765624638752, 0.499343671354513, 0.196352426873045, 0.688512412252372, 
0.484719576730372, 1, -0.00330427683493391, 0.384064855870186, 
0.427967635422171, 0.551355351341905, 0.44733716110415, 0.420468929087887, 
0.635668219368677, 0.652138790229503, 0.424670121135304, 0.52608845097365, 
0.58236230780256, 0.146764565282332, 0.425290756123167, -0.310056292451853, 
0.0449601914160957, -0.182311838422456, 0.0930709704179921, 0.464933220603382, 
-0.125212277247641, -0.230549944862112, -0.0212347820588015, 
0.126708542873794, -0.21602264825195, -0.102113050325982, 0.198246311504667, 
-0.170686795976419, 0.34779173496279, -0.0452260087585557, -0.0322124846322087, 
0.0755568237907475, 0.0425617567617594, 0.0343074503747945, -0.0809552763928477, 
0.0476191884283451, 0.6722651567065, 0.231730293776842, -0.11157642172746, 
0.0589569039717915, 0.198928482626139, -0.178104174462213, 0.119900199458526, 
-0.0807258191500335, 0.323671942608146, -0.039642839924592, 0.184728182360723, 
-0.00701372605159564, 0.187531426016259, 0.0522576883934304, 
-0.156634684178842, -0.0571011112996448, 0.383883504891911, -0.132469384647499, 
-0.105312921454511, 0.087367983365088, 0.133624212357031, 0.0135746104668371, 
-0.0364897567633082, 0.183225036064473, -0.246159570317289, 0.365686163875006, 
-0.195679771539937, -0.0566709261865271, 0.110689499966832, -0.0188931658329469, 
-0.0227445283103185, -0.0799199214866855, -0.00330427683493391, 
1, 0.240569643883672, -0.0118778852204347, -0.043627807486227, 
0.148235219736468, -0.13413772908299, 0.0660508449293342, -0.0350218833121175, 
0.210249934257308, -0.0911941139866514, 0.117714467531452, 0.0410891971504193, 
0.181408957346754, 0.0142935457415141, 0.376422906923939, 0.111786973842092, 
0.465567348710456, 0.318241914736757, -0.0614616488074238, 0.234965023509619, 
0.327602199915423, 0.429139407520984, 0.310569959828313, 0.119463922685325, 
0.462042156273849, 0.303946099019922, 0.315475523414822, 0.263656525953345, 
0.366853581320177, 0.500065070749464, 0.0819537532737315, 0.414272754377269, 
0.249236530622876, 0.328662868068453, 0.252690462399107, 0.660596969273091, 
0.218951146002786, 0.523409296437267, 0.521595021893601, 0.104533906913684, 
0.49018244232229, 0.41089001091457, 0.562429991714063, 0.428054538816855, 
0.520392572149038, 0.100446448750659, 0.318408470437667, 0.430080844381222, 
0.249322570571507, 0.458222625348203, 0.382580366156573, -0.0735669676835713, 
0.181865845293019, 0.258863139671968, 0.50086111043747, 0.292070139271239, 
0.272256966644003, 0.476411390287811, 0.219780964361634, 0.411950114485118, 
0.312184616337416, 0.36595094449152, 0.433377222868169, 0.0300608027481479, 
0.348781749025988, 0.138555757662369, 0.384064855870186, 0.240569643883672, 
1, 0.249615542161931, 0.425347478743009, 0.462000673935609, 0.219542570512187, 
0.461831183864015, 0.527193563928416, 0.560265489225469, 0.365350654350272, 
0.609176685447635, 0.102082084287563, 0.23170373449373, -0.575096783336436, 
0.376145231613046, 0.540986073907438, 0.246022837515685, 0.0861164067796668, 
0.181857205680137, 0.250904472344108, 0.496876043868842, 0.3789244954845, 
0.50192748285384, 0.345094837279077, 0.420902219590502, 0.392226791536456, 
0.0962209375626861, 0.374428444585201, 0.48097544945481, 0.399450768931789, 
0.21463351078137, 0.396261702778508, 0.152317886286189, 0.233167848558267, 
0.00233644656328489, 0.199916460456109, 0.595291777488511, 0.354743914932039, 
0.43778119061203, 0.424031402423698, 0.312768312562993, 0.489175570891976, 
0.360491210745071, 0.536527823964483, 0.36828188940149, 0.250074238999125, 
0.167403550560522, 0.406976777459589, 0.53761360621284, 0.349605525570881, 
0.127139956102943, 0.151141396529268, 0.24724526043301, 0.45649314937126, 
0.521961445704733, 0.510780116516878, 0.442358878488092, 0.459129130099168, 
0.478435238112772, 0.245579608491594, 0.333722617717751, 0.519679156468431, 
0.430496196963595, 0.230243324971033, 0.453683544949816, 0.364352644617353, 
0.427967635422171, -0.0118778852204347, 0.249615542161931, 1, 
0.371394586061464, 0.476361526943541, 0.369891019293161, 0.329341175657654, 
0.505261135783292, 0.376700683287109, 0.499093467449091, 0.420208212253575, 
0.166443324282153, 0.306211578988998, 0.153664580900394, 0.354973443729051, 
0.312174899941325, 0.539456209941397, 0.145892817795986, 0.133716933600985, 
0.360006831109741, 0.503221941487478, 0.577402859108842, 0.480775946735872, 
0.295580545465929, 0.614982247532586, 0.492903637985933, 0.30920114751542, 
0.432613788388098, 0.534706229185808, 0.618736341306306, 0.189541834911434, 
0.553588629147312, 0.300074583436554, 0.469583935329225, 0.106294834941825, 
0.444942671027758, 0.331283794455296, 0.735104777569422, 0.552990673178382, 
0.303069939159512, 0.439561261634044, 0.595328166842962, 0.558109626799094, 
0.492977567731373, 0.567690627604721, 0.177712080214345, 0.266658781354261, 
0.420572967511722, 0.28126600027313, 0.62472087215756, 0.282750539228044, 
0.10959034255562, 0.372622167062874, 0.416227653873134, 0.576558855058465, 
0.488224339977598, 0.335673674675552, 0.572264335935722, 0.483041415598587, 
0.408307252899314, 0.439572587020272, 0.489121748565657, 0.675120469036528, 
0.163684563984937, 0.601060898412217, 0.383467013665367, 0.551355351341905, 
-0.043627807486227, 0.425347478743009, 0.371394586061464, 1, 
0.579010404716853, 0.310003834780247, 0.522516123047615, 0.590850013902453, 
0.61076440020815, 0.5115936393423, 0.650924585632598, 0.141108887204602, 
0.298770105161786, -0.146123346979983, 0.441349323849211, 0.327880445233448, 
0.485181464505125, 0.420015004505499, 0.0240695265447757, 0.249538428984652, 
0.536759280601184, 0.719429083128757, 0.462428005755842, 0.335214148585842, 
0.662380167886163, 0.398111226449368, 0.507352366900349, 0.35362381294949, 
0.467941852042193, 0.634627939548385, 0.249319878273524, 0.496682006533095, 
0.277118177389571, 0.425100733047108, 0.302919368577059, 0.510738382188534, 
0.506326792854624, 0.603509887217725, 0.833795099585881, 0.346662186593125, 
0.447426328559198, 0.532975431995109, 0.765720899611185, 0.590310000844443, 
0.710626916465711, 0.207590317881109, 0.459677593141602, 0.527898990139876, 
0.396566732613805, 0.455943228043056, 0.522291403998722, 0.0415544192124825, 
0.315227131036405, 0.569824464463338, 0.715124757700801, 0.564146923235401, 
0.403613169682843, 0.694890075805854, 0.337566224081698, 0.618919668433291, 
0.383571449339061, 0.485977365615302, 0.688526050086575, 0.248955785796044, 
0.498557437517381, 0.254565905710604, 0.44733716110415, 0.148235219736468, 
0.462000673935609, 0.476361526943541, 0.579010404716853, 1, 0.246006979161792, 
0.423499035611472, 0.600409090062697, 0.776193454576231, 0.578521232663439, 
0.675229586694103, 0.0932497192165631, 0.283585005931714, 0.0767497708096155, 
0.242334385451579, 0.361940386242808, 0.221856516969953, 0.00218575066719558, 
0.190350844995417, 0.280804038336161, 0.304639225251163, 0.282475234915186, 
0.364633364455891, 0.145876279592218, 0.223381589173203, 0.371798157152387, 
0.0351124821989442, 0.444731168632467, 0.425264902826204, 0.264786797642949, 
0.186955503614434, 0.337389840851244, 0.181447904752977, 0.252757038942067, 
-0.0323295904558442, 0.157322133130851, 0.324404737836732, 0.284093591193441, 
0.228398584195366, 0.455080397661392, 0.312027635972111, 0.356028315603523, 
0.163922830274875, 0.297871130900223, 0.282860144126778, 0.227412243108316, 
0.0488782988015982, 0.185228249643552, 0.470965577955387, 0.349289214164947, 
-0.00264260462501199, 0.159942207885399, 0.354662314238671, 0.186732047515009, 
0.255468199598553, 0.222685698906452, 0.215342706580158, 0.286095850128582, 
0.516483672055047, 0.0969297865485135, 0.602344264510334, 0.326463349457422, 
0.234171055320316, 0.212855027041625, 0.399380379630737, 0.312616941648162, 
0.420468929087887, -0.13413772908299, 0.219542570512187, 0.369891019293161, 
0.310003834780247, 0.246006979161792, 1, 0.460183445268125, 0.461764479978159, 
0.209334447398678, 0.330810838344425, 0.350141892715706, 0.0953695614720058, 
0.114762294881697, 0.167309106767094, 0.363011459604755, 0.301317285887606, 
0.566633874404593, 0.250915403801334, -0.057975173082601, 0.339092828336776, 
0.414040804472891, 0.453430912069585, 0.348513281807814, 0.238276039613152, 
0.392720493454446, 0.522551388111755, 0.197410537877368, 0.490823162106863, 
0.484958953486798, 0.389114188951258, 0.165831834087821, 0.54510522445593, 
0.419922972634517, 0.542803727039132, 0.18839803056359, 0.417582505219984, 
0.274682824382036, 0.560940413553097, 0.459939719896202, 0.370421190442401, 
0.681387398346336, 0.595273071637016, 0.446168980162794, 0.406655055527956, 
0.484483157013644, 0.193776875149421, 0.192091522817155, 0.356572909013629, 
0.443162183375796, 0.592224660408986, 0.170563809259152, 0.113096774542357, 
0.473096305931126, 0.287270303405721, 0.495325188749783, 0.347826874099093, 
0.211595648962415, 0.348170839403369, 0.519285359243426, 0.285345062023062, 
0.566395683347935, 0.464920313315564, 0.40442472204444, 0.196992805017731, 
0.552732875474356, 0.423326740331139, 0.635668219368677, 0.0660508449293342, 
0.461831183864015, 0.329341175657654, 0.522516123047615, 0.423499035611472, 
0.460183445268125, 1, 0.74618298950056, 0.475833295455247, 0.383477316702557, 
0.504582316056726, 0.153705690294576, 0.245038251633933, 0.195543484311279, 
0.432833601200349, 0.401020509450085, 0.646197930148517, 0.244381421789472, 
0.0536551653125996, 0.436781480842552, 0.522075902656643, 0.537370225779425, 
0.502396227310258, 0.308303475506059, 0.53941665375469, 0.551027730816573, 
0.207270070045805, 0.514614082843958, 0.579674030974575, 0.558703593841907, 
0.186810422684068, 0.569279393551082, 0.34188752731386, 0.526495769563062, 
0.118280184161551, 0.435402485201492, 0.416744970101524, 0.661757473742833, 
0.587349328813574, 0.495525781773621, 0.622296353309737, 0.796320710474505, 
0.58147876996973, 0.549966224662518, 0.581295380780079, 0.195897322567556, 
0.291152582170419, 0.480920802548016, 0.501389454971636, 0.745391710123503, 
0.217539572057875, 0.0229822220612077, 0.466527014681158, 0.422046760100429, 
0.661245559573855, 0.458261226055482, 0.319475141348621, 0.52333695442839, 
0.624661091348916, 0.342811775054447, 0.63737671647092, 0.580046010571296, 
0.612079281089891, 0.210390676884256, 0.663538438061478, 0.438064255963388, 
0.652138790229503, -0.0350218833121175, 0.527193563928416, 0.505261135783292, 
0.590850013902453, 0.600409090062697, 0.461764479978159, 0.74618298950056, 
1, 0.593201211317548, 0.54531023136478, 0.623836764803923, 0.0913990157066512, 
0.346162477220331, -0.328482060954633, 0.420828922789141, 0.230726129045569, 
0.551903910757907, 0.490307092976924, 0.0302263606280146, 0.246942364075881, 
0.465288386751691, 0.762268979728086, 0.407317325428298, 0.240037377393855, 
0.649317826016708, 0.320857690225151, 0.46513406973314, 0.266916161336445, 
0.464172213244308, 0.674301120400711, 0.208235326049359, 0.50226965928239, 
0.293278003137617, 0.450492481145794, 0.336596080280055, 0.59875630617137, 
0.365002488504867, 0.622413242616496, 0.771602735686282, 0.2310050535117, 
0.458909156304266, 0.521697620729157, 0.853587709034839, 0.513517457660355, 
0.714030632058761, 0.142932536002358, 0.329475147717459, 0.488887749316386, 
0.310528705521611, 0.515504974466926, 0.541888213854174, 0.0500384650585528, 
0.269124101367696, 0.476994901826767, 0.78535567840424, 0.481662096629643, 
0.35603100787911, 0.677037343791364, 0.2825750921592, 0.618762407939779, 
0.317587423351291, 0.434314784070492, 0.664757765909461, 0.228356044813914, 
0.42926756721531, 0.200656560489474, 0.424670121135304, 0.210249934257308, 
0.560265489225469, 0.376700683287109, 0.61076440020815, 0.776193454576231, 
0.209334447398678, 0.475833295455247, 0.593201211317548, 1, 0.48403157676188, 
0.672748220921596, 0.119176123885332, 0.25708242810696, 0.0324238868246053, 
0.418528256570311, 0.397340534517624, 0.369276601374908, 0.0977869349381623, 
0.244503860926067, 0.313964078355916, 0.56328195816179, 0.549484091141649, 
0.56122901646888, 0.378724644130539, 0.554462572119255, 0.495140236257468, 
0.259662698512191, 0.375495884962551, 0.53990188773856, 0.483773384874981, 
0.235059527754954, 0.489150454252948, 0.339755578714283, 0.383233950899645, 
0.0601228780088126, 0.345970980699666, 0.446238831177944, 0.484677129267809, 
0.540451920094735, 0.305770771274919, 0.428545903793983, 0.615090578674213, 
0.410290270453087, 0.750616476315831, 0.500118884232073, 0.40179302335285, 
0.395715421730543, 0.543456626135012, 0.378682376550237, 0.376025367965262, 
0.156891554636008, 0.170540161563222, 0.376582724986622, 0.584278819067515, 
0.605002195263398, 0.597700244391353, 0.401451256302088, 0.559090691883283, 
0.522115786407395, 0.367671977812664, 0.445903469096247, 0.604873336619873, 
0.529063019673214, 0.193242011705766, 0.51371865697729, 0.448493538420197, 
0.52608845097365, -0.0911941139866514, 0.365350654350272, 0.499093467449091, 
0.5115936393423, 0.578521232663439, 0.330810838344425, 0.383477316702557, 
0.54531023136478, 0.48403157676188, 1, 0.639104501845617, 0.312271926340888, 
0.468439525861412, -0.157902763403312, 0.502904235167629, 0.342000822473134, 
0.502472137439943, 0.24504922377403, 0.061798125443203, 0.346705689909692, 
0.602166635786984, 0.667048654599797, 0.556520209741542, 0.336803551588459, 
0.666160649426884, 0.473410536822834, 0.415151807774132, 0.471846070497863, 
0.596967962341138, 0.626607006830538, 0.158638372054833, 0.564000126489771, 
0.340687845067178, 0.461435678137764, 0.1944779936513, 0.532880554254344, 
0.436273040868453, 0.623196314153407, 0.690025053484257, 0.299032038693479, 
0.529417662031866, 0.664384377681424, 0.62611018618889, 0.611830588236634, 
0.732762953728396, 0.312563313909152, 0.39799620552996, 0.599229261887528, 
0.349896277040241, 0.582755311202704, 0.371285447820603, 0.0119397171148304, 
0.325215215545447, 0.572947494221782, 0.728088192165123, 0.544025828988183, 
0.42981157559128, 0.67270618556201, 0.46278106902989, 0.567739443978407, 
0.444230960180108, 0.576692483212476, 0.624738127037963, 0.181684167120662, 
0.622127031941113, 0.407181661941583, 0.58236230780256, 0.117714467531452, 
0.609176685447635, 0.420208212253575, 0.650924585632598, 0.675229586694103, 
0.350141892715706, 0.504582316056726, 0.623836764803923, 0.672748220921596, 
0.639104501845617, 1, 0.147837498886684, 0.415945689923411, -0.321761154795857, 
0.137882890272681, 0.277971443134367, 0.0323280638572179, -0.0374185112406216, 
0.287068418367977, 0.0763765417212345, 0.24905008172827, 0.207230142211037, 
0.20372560121287, -0.0571546033970068, 0.22455240679129, 0.27257211884474, 
0.0436701049228461, 0.0326118799400905, 0.214637306529357, 0.139052387694925, 
0.38045613516234, 0.0662526534092877, -0.02305141671026, -0.0613370902759251, 
-0.0886543121141977, 0.0344168700359034, 0.144389753147146, 0.0390055469564025, 
0.128238962922001, 0.156270422185215, -0.00245694696438562, 0.0706606351311243, 
0.0424270468817596, 0.196687793563893, 0.140850307088687, 0.571145229892979, 
0.0329287019588942, 0.102752047608424, 0.151631413221448, 0.0552122487577758, 
0.0633384165682062, 0.306489846936503, 0.0492890444008206, 0.203742845918608, 
0.163233851784102, 0.278355641539609, 0.115036302366601, 0.13016419002821, 
0.243870000034143, 0.0706480578156752, 0.134253771207825, 0.329431398200729, 
0.166874822683423, 0.243277634378295, 0.106644095897663, 0.232433586947928, 
0.146764565282332, 0.0410891971504193, 0.102082084287563, 0.166443324282153, 
0.141108887204602, 0.0932497192165631, 0.0953695614720058, 0.153705690294576, 
0.0913990157066512, 0.119176123885332, 0.312271926340888, 0.147837498886684, 
1, 0.0275929060725711, -0.285266648241733, 0.359308521305527, 
0.149720776908617, 0.304974061480973, 0.207640885718946, 0.171766677291289, 
0.0772696644162221, 0.397740310280659, 0.338156474682421, 0.331059050115338, 
0.181044707591992, 0.454423126177406, 0.312334038078545, 0.199816114632293, 
0.284827581672694, 0.359754768385144, 0.325313088714447, 0.142025509558845, 
0.38699649861583, 0.144261608020303, 0.323129006984424, 0.190492564528313, 
0.260991651491578, 0.23671895529428, 0.308036097003154, 0.309971759312191, 
0.206594642636261, 0.337320954569627, 0.414877563216397, 0.291587912743327, 
0.448741342256158, 0.319695530068891, 0.136581438360357, 0.472851529932236, 
0.380549473445619, 0.0644096199248839, 0.248280800855662, 0.176099106596749, 
0.00249019158215783, 0.20165442081031, 0.473203594849708, 0.37647612349828, 
0.376278372601985, 0.220496520543254, 0.383163022581456, 0.247996338486484, 
0.361030214510415, 0.155633934254986, 0.35100283958646, 0.344033322847085, 
0.217630174829323, 0.325452711135492, 0.239463030172647, 0.425290756123167, 
0.181408957346754, 0.23170373449373, 0.306211578988998, 0.298770105161786, 
0.283585005931714, 0.114762294881697, 0.245038251633933, 0.346162477220331, 
0.25708242810696, 0.468439525861412, 0.415945689923411, 0.0275929060725711, 
1, 0.794437492222746, 0.0214591054898143, -0.271663834091426, 
-0.23050145000103, 0.275970889624954, -0.0887642574009093, -1.04247038144018, 
0.0536013173648556, 0.596107567564792, -0.0184619170195398, 0.606369838541058, 
0.281699078644608, -0.0993726983637691, 0.590480901720856, -0.212907194587306, 
-0.00668459806733903, -0.174086446038715, 0.376518677056343, 
0.313947873970844, -0.136263661535049, 0.033826186763913, 0.0814770742194049, 
0.145306891871368, 0.233780638484694, -0.353537241446007, 0.290706728287321, 
-0.0488795429774262, 0.351434684940049, 0.0390564433233924, 0.0984083946104683, 
0.216435730103331, 0.0676585521908365, -0.146536638797198, 0.244425789376332, 
0.294739916186169, -0.234335234323157, -0.664163774302701, 0.23495132620896, 
0.180619624898985, 0.0431928533911657, 0.188489661769474, 0.0667471099704856, 
0.125986572102853, -0.033671765593719, 0.0146465233339742, -0.163352805359722, 
0.0355618700011551, -0.0443958450405025, -0.163458663478861, 
0.122630670791707, 0.590525248846044, -0.569713920357573, 0.215747795098027, 
-0.310056292451853, 0.0142935457415141, -0.575096783336436, 0.153664580900394, 
-0.146123346979983, 0.0767497708096155, 0.167309106767094, 0.195543484311279, 
-0.328482060954633, 0.0324238868246053, -0.157902763403312, -0.321761154795857, 
-0.285266648241733, 0.794437492222746, 23.7977569406141), .Dim = c(67L, 
67L))
